7015
4278
2633
7008
4
3966
4794
3324
3168
2582
4474
5223
5221
1023
3033
3324
4866
2
11
4492
3943
3033
3683
654
4802
7048
3501
4421
5001
1888
6020
4492
1442
2243
5532
7048
2094
2099
2582
3324
1969
204
3324
5326
5414
5591
7015
6723
4792
1480
4866
2930
39
6353
4492
7008
33
7048
5326
1848
3033
5746
811
4179
4278
5124
37
2659
5439
5439
3595
680
3324
5800
3324
3943
850
3943
3324
3492
5800
5001
899
3340
3340
899
3839
3390
6155
3033
88
6402
5417
924
2279
54
54
3324
2727
166
5876
2243
5827
6166
576
5162
1442
54
2933
3033
4996
54
6612
5868
6093
6093
1248
54
62
61
6093
54
62
59
6093
54
62
810
6093
54
4410
166
56
6197
166
4534
1519
3839
1442
850
1893
2964
54
6155
6914
1442
6353
237
3255
672
3160
5670
1978
3138
5162
3242
6353
909
3340
4290
672
56
2800
3324
358
6402
2146
2094
2099
3340
2727
3549
3138
4821
899
4820
2948
3324
3943
850
6166
101
3033
5162
3060
3033
3324
6402
3340
6402
3324
1708
5001
3033
3324
3340
3943
6792
6858
7015
3324
6723
3996
7008
6402
6402
4038
2656
1190
4492
680
5827
3033
4866
5401
5162
4654
3704
6353
5162
5001
3324
5001
449
2351
2433
1493
2243
4492
6353
5161
5162
2633
2911
3255
2243
6696
5854
6155
6202
5532
3942
4794
2203
5221
672
672
1564
3968
2843
1121
3033
5001
1969
3023
6034
5302
6166
2243
7015
672
5700
919
1848
5221
6848
3492
3324
611
4619
3033
6849
133
5221
5320
1817
5033
7008
4262
5215
3324
1356
2046
1969
6353
2582
5221
147
6402
3324
2289
2243
3397
3760
4003
5914
899
6964
4057
4670
3390
6507
5870
5221
191
3968
1272
1958
2701
850
439
3324
1715
358
4038
2243
5287
4492
237
2633
3073
3138
576
3228
4794
5287
2727
2243
6155
2263
3255
826
5162
5211
4468
3324
6093
3304
4996
1965
1424
5001
3340
3943
3033
166
4383
56
5827
2433
3324
1010
3324
4492
5162
1627
1190
3255
2243
7008
3255
5162
3324
3492
1684
2451
672
6798
1000
166
4794
2207
4492
5161
3033
850
6093
2582
6353
5693
4474
4996
3324
1335
7018
5033
3535
1287
5779
3651
3968
7008
5539
1204
5876
3255
5033
1335
2633
1015
3252
3138
1995
1993
4655
1909
2222
5287
3324
3340
3138
11
899
3943
5591
207
5326
5414
5326
5414
5591
5243
5591
207
5326
5414
5591
5187
5042
5326
5414
4933
5494
1374
2243
5161
2858
1424
1965
1923
2386
672
3324
2727
2351
3138
672
4492
4290
3340
218
5280
218
218
5700
6836
5836
2727
2633
7008
5700
4437
6612
4474
3839
1287
3033
3761
3839
1732
1733
597
6250
909
4768
2433
1893
4996
3033
6202
2582
5868
2526
5001
1161
2243
235
2964
1442
3324
3045
4534
1287
3943
3033
850
3839
924
1873
3839
6708
3324
4474
3793
2711
1893
2243
4492
4655
655
2455
4253
1316
3096
3478
3743
5811
5033
2633
6402
576
4866
2526
5288
4474
6093
2427
3033
5161
3160
672
3324
617
5434
5401
1442
354
157
2433
4479
7048
3093
5001
124
2911
6798
6826
274
2422
615
5033
6813
903
303
1297
2911
5287
4038
899
3839
5001
2582
3324
3966
899
2243
5280
1627
658
2901
847
4302
2727
3341
5162
2243
3033
1488
1442
5693
7018
5876
3839
3076
576
3390
3839
11
4866
5001
331
899
3324
3505
6402
1969
3966
5279
2243
2386
4821
166
576
2084
1965
1424
1445
2727
3385
4670
6633
3910
899
5279
5588
3033
5280
672
4866
3554
6126
3743
3952
6155
6848
2641
312
774
362
1204
5539
4492
362
609
774
1204
1335
1786
5539
5809
6353
924
5001
11
899
3839
5588
5279
899
3839
5299
6703
3640
5417
4038
899
2451
2455
345
329
337
5232
6973
899
3340
4278
3839
6353
2433
3343
5001
3839
899
3340
2258
3989
1978
6652
3839
419
1507
899
1893
3943
3390
345
6973
2524
672
899
5001
2351
7015
3640
3324
331
563
1507
2433
4821
4760
4528
3390
5279
899
6402
345
329
11
4492
6973
5620
1893
2335
899
3033
3324
3390
4996
3324
3640
2351
924
1978
899
3033
899
3839
3390
3824
1874
6402
899
6018
3839
3324
899
6973
3138
3324
6858
3839
3341
899
3966
3324
5868
6093
3304
919
899
563
166
2149
4423
899
5001
3324
3640
1923
1266
5279
1893
4510
3839
899
4779
3324
1267
6963
2243
5162
5876
774
4038
3033
3324
2538
3168
3138
5766
646
2763
2727
3340
3033
4957
4956
672
5439
1932
872
11
1952
3111
3340
543
2768
2509
3324
1593
899
3385
3324
3385
2509
6297
5001
5001
4492
3839
3839
2243
4105
5876
2243
3340
2727
2243
5693
3302
4474
6238
4492
6499
6679
2243
4459
1978
3324
2582
1287
4589
699
3345
4996
5219
3324
3341
1608
6353
264
4655
2243
5116
4690
5161
5693
4492
3224
6778
1190
2964
3313
2911
7015
4492
5162
3324
1685
3910
899
3839
7008
6353
5287
5341
899
2880
3076
4492
6353
2727
166
2203
4426
4939
6848
1593
1934
1978
3160
3651
5670
5382
7048
899
5001
5005
6354
7048
1967
6093
4904
5001
3492
3275
6708
3839
3839
672
3033
924
6402
419
3324
919
3033
1932
3943
3839
3760
3033
5001
5001
3506
3563
6488
450
450
2289
3340
3033
7008
2477
5342
1874
1204
451
433
5288
5033
4492
451
433
2828
450
1965
2633
2911
237
4836
1442
2531
1180
450
2289
6673
4866
2122
4629
1341
1978
1751
4038
1650
1507
3839
2094
2096
2099
6402
2751
3345
3910
6915
68
3839
358
1015
3839
3340
3839
1015
4687
3340
474
2186
4151
358
1015
3340
3839
837
6848
4956
5180
820
166
4410
4123
1847
7015
4474
2137
5973
512
1650
3823
1708
3743
1660
3255
5161
4492
6402
3750
2243
4492
5288
3340
4479
2289
3324
6270
1190
1442
1436
5033
7008
2633
6353
6093
4904
5161
2243
11
4905
4629
3966
2122
3406
4866
5439
3324
6032
3341
7008
121
1507
5693
850
5221
5906
2243
5438
6612
3324
576
6848
6026
1893
2727
3324
4364
5221
6612
6507
5870
850
1259
3324
919
1248
5221
6507
6612
919
2933
3324
5001
2212
2984
3044
4904
5211
5217
5620
5621
6093
1296
3385
586
3673
4830
899
512
1341
1303
6402
1000
1893
5484
3324
3910
3324
4779
5585
6596
1833
1957
1989
6848
3910
1685
6299
3138
3324
3800
202
3138
5001
5001
1335
1090
3324
2243
1965
2858
6384
5287
5033
6402
3076
5384
2768
5484
1450
124
3324
3038
5793
6034
1015
4038
2149
166
6682
4423
4410
3839
3839
899
4492
2046
2243
5162
3223
3212
237
1650
1094
3345
5439
3839
4038
3839
3324
514
3340
2727
2484
1339
5280
7008
2633
6353
237
2911
5161
4492
4123
4038
3033
5215
3839
5302
2727
7008
3324
572
1965
2858
6353
2176
3224
576
576
2243
2838
4741
1442
2433
1015
3324
3576
3324
1874
576
4492
899
4821
3839
1917
3324
4866
5183
3138
2146
3340
3876
166
6053
2633
2632
237
6353
1442
1335
2911
5700
5221
3138
611
2433
2964
1296
1763
2387
2389
3662
3996
5318
7015
5221
3548
4162
6914
2735
2243
3324
3743
1965
1424
5033
7008
6350
4636
5543
5001
11
5162
1978
237
5473
2911
2243
4492
1442
6577
4687
6353
899
2094
3760
3397
3839
576
3713
1507
3033
3324
4670
4492
313
6402
6402
1660
4779
4794
6858
1892
2879
6025
5439
2122
573
7048
7018
572
6996
6298
6299
3910
6026
1685
6542
3340
576
899
5401
6181
3340
899
899
37
5279
4824
2243
4492
2659
3340
3406
3884
3365
2122
1510
1588
5344
5001
5417
1287
3324
3743
2477
2289
6402
3603
6556
4349
4343
3033
2727
4257
4680
1500
5670
6723
6798
3138
3340
3505
3839
4866
3324
1627
1121
5591
207
3324
5326
5414
3345
5187
2289
3365
3340
3492
6093
3839
3033
2727
3324
3340
4179
3077
2351
672
2520
1015
1715
4751
3340
2727
1859
5867
166
3324
3839
1287
1952
6397
2243
5162
5876
5211
3304
6093
3324
3324
3492
3966
4290
4794
3324
5001
674
899
6093
6106
6166
6703
6093
5868
3324
5001
6106
6703
899
3138
6402
1751
202
3324
576
4262
3033
1015
3033
2243
672
5162
1965
4492
3943
601
680
699
4278
2243
1335
4492
3033
2386
5318
6853
5982
5827
5700
7005
4097
1893
1967
2582
2864
6596
3324
4123
358
2243
576
3943
54
166
1507
3505
4905
2661
1847
2203
6848
4038
514
2238
2727
7008
2727
4939
5283
2084
7008
5591
5287
5347
5033
6353
7023
576
1965
1190
2289
2243
4662
3324
3333
3966
4038
1848
1893
5001
4304
5384
5005
2727
4662
1248
1958
850
5001
3943
2137
3324
6402
3947
4821
5279
4687
3839
4532
3324
1323
5001
6297
4877
5162
4492
514
2633
4278
7009
1442
2984
3839
5001
4687
3324
4532
5850
4492
3033
3324
3111
847
919
1000
3324
3839
2727
3324
1267
4886
5414
5326
3535
2351
3033
3333
924
4866
3943
3351
2288
5670
3324
3743
6026
2727
6032
6708
4877
5384
11
2582
6858
3324
3033
6402
3760
3943
973
5001
5414
5326
3340
37
5162
3033
6768
6471
6297
7048
1445
514
5033
5439
822
1507
3324
3966
4304
5384
6071
3023
4479
3385
780
3324
4479
4479
4492
5162
2243
3077
4779
4996
4492
5221
514
3223
3340
5973
4479
2926
1893
3160
3324
4176
4699
4794
5191
5384
5876
5906
2992
3324
101
5001
3324
5693
2582
6353
2243
1442
4836
31
6920
2243
1442
2633
1190
2465
2137
5700
2933
3839
3743
5001
2727
4038
4289
3324
5320
2727
2243
5162
2300
5867
919
810
811
3324
576
576
80
5539
5232
2484
6352
1204
5670
3160
2243
6397
2137
166
4423
6337
5001
3324
822
4492
5001
4492
2243
3033
4821
5162
1507
822
6034
1507
2243
4121
5001
2243
6093
4904
5162
4492
5693
2727
4492
5532
1190
218
3121
3255
7008
5787
5033
2243
5693
4996
5162
2212
2243
5162
4308
699
5001
3223
2243
2386
1715
3138
3255
3800
5161
3839
5876
3138
3324
3943
2851
6353
4608
4108
5001
3340
850
1507
5219
1507
5162
4492
5232
850
3324
3138
75
1978
4459
5670
3160
3610
850
3324
54
1507
5221
4820
3839
5001
4936
1777
4492
6633
3839
6705
3324
3385
3743
5001
1015
1507
2243
2828
5001
3385
543
1965
2858
850
822
850
822
5001
955
6402
799
3877
6093
4904
1893
1627
1594
5221
6612
6507
5870
4474
3324
5827
3385
5302
889
3568
3385
6402
237
4836
5001
5113
5730
166
899
3033
3340
4383
3390
6126
4794
1000
2433
6848
3033
899
5514
3038
2243
4492
5162
6806
5693
4655
1000
3966
2433
3168
6402
3651
3839
3760
3390
1848
3324
3340
6106
1287
919
3324
543
3324
2582
3803
4589
6093
7008
5288
4504
2727
3340
3033
2137
7008
850
861
2484
2137
3033
3035
4162
6353
3324
6798
166
2243
2386
4383
5161
850
873
1985
5221
6848
5401
576
3340
2582
2137
7015
6037
6402
1673
2480
7008
2851
3033
1708
5347
5001
403
4687
576
2582
3324
2341
3223
3978
5384
2243
576
5693
4038
3324
6526
5384
1632
331
4038
6402
2659
3324
5001
6402
6297
6402
4038
5417
1715
3839
5001
2964
3313
4492
7015
2243
680
2243
4866
1507
2318
101
861
973
3324
4662
5221
2433
6093
6137
5217
4864
3839
553
2433
6723
899
2203
5001
5161
4492
5344
6402
6612
3033
166
2149
3324
4423
850
1593
1893
2207
3324
4474
6294
5162
2318
2243
2727
4132
2433
2243
5162
1442
2932
6353
3156
4038
5001
6106
3302
1893
3324
3839
3340
3033
2422
65
6271
3839
4682
1000
6868
3839
6705
3324
6867
6297
3337
6525
2830
2727
850
5439
5280
7008
4474
166
3947
2189
1751
4038
1015
4383
850
576
924
2146
1346
3839
5001
3023
5330
1588
1023
3340
657
7015
5836
3943
4687
3324
2156
2243
5876
2243
2250
202
1035
2386
4304
3839
5876
7005
4779
5223
2289
6915
7018
5033
514
2633
5287
3744
5670
3324
1978
1751
4038
3340
3610
4525
2911
5179
1296
2633
1078
2625
3324
1447
4002
576
1121
3023
2289
2291
3324
2243
2430
4492
6402
3340
4631
6402
6592
3340
6402
391
3943
3340
3340
5001
6402
6402
6402
6402
6402
3439
6402
5344
3943
899
3340
449
2243
3537
3943
5162
6297
6768
3839
4492
4631
6649
2146
3095
3033
5001
4794
3324
2582
1715
576
2633
2911
3839
6093
4904
3433
1978
4145
4792
1296
5001
5033
7008
7048
7018
5223
3340
2727
2212
799
5033
101
2433
6402
3870
5280
932
2884
2243
3324
1090
7015
3340
3760
1335
3324
3340
6724
1893
4465
4589
6402
3340
880
6402
880
576
4002
4794
5221
2633
2911
1130
6093
4904
6353
3255
3876
5284
672
3557
2985
5850
6723
3015
1000
3312
6297
6402
6025
3492
3640
3324
3662
6093
3304
3839
3839
6093
1751
3290
3324
3340
4038
4904
5211
6093
4101
3324
3340
5876
5877
1118
3248
4687
3033
5162
1125
4162
3390
3839
3023
6402
880
3168
5414
5326
1863
2203
2509
2984
3548
4697
5221
2243
5162
5401
1190
2932
3340
6915
1519
3033
5384
3033
5384
3340
2727
3340
2727
3033
3324
3337
4364
2768
6353
1848
2180
4474
4866
2379
3043
3324
1015
1965
5693
2627
4504
303
5001
396
4492
5287
6939
3033
3035
2243
3033
2017
624
6815
2911
5635
5223
4779
3340
5344
1287
5116
5844
672
1564
3033
5982
3324
3966
4670
2137
7015
2149
667
166
1287
3345
1751
4426
5033
2351
4532
2057
1874
5415
6353
2582
5876
1190
1442
237
1204
5288
7008
5033
302
2428
3313
7008
5033
5162
3255
4492
1442
3045
4836
3277
5307
799
5162
4836
1248
2351
2433
1190
7017
7015
95
5414
5326
3337
3033
3168
2998
6848
3839
2674
576
5347
2451
1201
1859
3535
5741
6710
3033
6155
5001
1121
1204
5287
5539
6353
5001
850
4479
4162
2727
3340
2727
1410
3033
3035
899
576
6166
3324
1215
5279
899
3033
2243
2936
4492
5162
6480
3160
3324
822
5384
5001
1287
166
54
2633
2911
7008
1969
4167
1715
3813
7003
6353
7008
5162
3743
3839
2243
2889
672
3324
5280
1507
5693
4492
1969
3760
1564
1235
2829
5280
1235
1235
4687
2341
3827
2829
2948
2884
1235
6093
3304
4106
5693
5211
6804
2582
1235
1235
6617
6033
1552
1346
2727
3910
5001
1263
3324
1978
2036
5850
6848
3610
5591
4492
1296
576
1967
4850
2037
894
3492
6354
5033
3277
6939
5001
1257
2130
5836
1442
5161
2571
3839
3324
3966
3324
5532
11
5221
811
2243
5001
5484
3324
4002
3033
5982
2203
919
6493
7015
4655
5162
2243
4492
5693
2231
3290
576
3839
1969
5001
3033
1920
3191
847
924
3324
850
3324
3340
6126
1978
1287
5384
1440
226
3324
3033
2633
5033
3433
6939
1712
1335
5549
2911
5287
2243
5919
3839
2243
799
6297
3324
11
3340
4038
576
5867
2627
5549
672
2933
2351
2433
1318
1318
5215
3324
3096
3640
1318
1317
5221
3365
4341
6273
2727
1859
2144
5417
4646
1287
5417
643
5058
1290
5867
5211
4904
2243
6297
5700
2727
3340
2404
4341
3552
3138
3248
4341
4474
3304
6155
6166
2727
5001
4779
5221
657
1978
5221
3351
5001
1348
850
166
5532
5532
4492
3324
5532
5585
2046
3340
3341
3839
4038
680
3492
6093
4904
6093
2203
2727
3716
4607
672
6402
5876
2633
1335
2911
6353
4836
166
6284
5850
6440
1374
1377
1382
1384
1383
4878
1379
3324
6440
6284
3839
5843
1374
1377
1382
1374
5585
1374
1377
5850
6284
3340
2093
1374
1833
1883
5843
1374
1377
5843
1382
6284
5211
6093
1287
1952
5217
6093
699
2933
4794
2212
1287
166
6365
2243
5876
4741
5001
2289
5010
850
6202
6155
4768
2674
6935
3943
3492
2936
6034
576
3324
3943
3324
3640
3324
3340
3854
5384
4479
901
6708
2243
3275
3839
3324
3340
3033
7018
4792
7048
5020
5001
512
5532
3770
5001
2727
3340
1965
3340
2351
1424
4038
3033
6402
3324
3340
6353
974
6836
924
3324
2017
1418
5525
3096
1316
101
1965
2858
2727
799
2137
1965
2858
1965
2858
5488
1965
1965
5361
2858
4441
3033
3839
1965
2858
3820
157
3340
3277
1790
2243
1442
2386
2430
973
3340
3324
4038
1335
5793
2727
474
786
1507
1308
3760
4751
4589
4907
5906
5876
6155
3033
3340
1335
2318
3345
4504
5591
6352
6353
7008
237
4836
5001
3277
3045
1204
4162
850
1335
2633
2911
3277
5260
3324
3943
6402
1963
3324
3324
672
2433
3760
4474
5693
3324
5405
1450
3942
6402
4492
5876
672
837
3492
3760
4375
1473
5778
3839
358
6550
6551
5843
5001
2243
5693
3492
3716
3943
2243
6297
6155
4864
5217
3492
6093
5868
6202
3716
3492
5439
4331
1527
5441
6402
5001
2727
4580
2625
2627
3277
2144
4646
274
67
5221
4162
4161
2422
4779
6402
2243
2386
157
4655
4662
1932
4662
1477
2243
699
5162
3651
3341
1874
6836
3033
3340
3839
4474
6963
2243
3313
5162
5876
2933
5033
7008
3277
2627
7048
7048
2238
4904
7018
5867
1893
5217
3304
5211
6093
6106
2651
6640
2793
6507
6612
3221
7048
672
3160
2243
6283
5876
940
6402
699
1023
2243
2386
3324
6402
5161
4492
3942
2243
3650
822
3651
2243
3662
6556
6723
1893
3996
4779
2926
2933
3160
6071
6106
4470
6518
2
4479
3640
3324
3096
672
3943
303
3313
2964
2243
5693
7015
5162
3324
6353
5279
899
1965
1424
4863
654
4474
3943
2727
5822
1643
4492
2582
11
3324
1529
6202
6155
1848
2137
5033
7008
6608
2907
3324
6518
6352
788
3324
2633
4492
237
6939
1442
2911
3255
3073
2243
4256
4904
5162
5211
5297
6053
6093
4109
6640
1267
7008
5417
5867
1311
1287
1287
6330
3324
54
166
2084
2122
6093
59
62
493
1361
1532
3304
4866
6155
4904
5344
7008
6812
5271
5001
6159
5280
5287
5290
3223
2203
6856
3324
1190
1015
3324
5001
1552
2727
3224
1190
3585
5221
3839
3324
3025
1507
6963
457
1558
2688
5221
1624
5417
5162
917
5068
5591
6093
2243
3324
6353
3304
202
1190
3432
3340
1965
1424
6914
2427
6577
1442
6093
3038
5876
1969
2243
3966
6397
3039
672
3138
3966
3033
919
6858
2243
7048
7018
6749
2243
6723
3324
6798
1804
37
576
899
6026
1188
6402
1893
3255
1574
474
3255
6402
3492
3033
7008
4492
7018
7048
822
4794
3324
899
3743
5001
2433
899
3033
2633
1130
2911
3023
1589
3324
3324
7048
899
2943
1335
3168
3033
3035
7005
6402
6402
7015
2515
2409
3324
1777
850
3688
6093
4996
3640
3304
1287
2518
899
4534
3839
3324
3324
3385
1604
3324
1893
3168
3324
3033
4492
5221
899
363
1442
1190
2243
3045
3277
6577
4670
5001
1510
861
2341
3111
5867
5161
3033
3839
2933
3324
3340
5401
4794
3839
3324
6353
6026
3910
2137
899
576
3033
2633
2911
4492
54
4904
5591
6093
6187
2137
1888
3532
1361
4904
5280
2582
6836
4996
4479
1965
1424
1777
5817
4956
3324
2947
2122
3966
1507
4866
1424
1965
799
1642
1643
799
1642
1642
2289
54
5876
5064
3324
3324
4474
5001
3324
1670
5867
5693
899
1969
6402
3324
3966
1287
5162
2243
3324
1287
3912
6529
1424
6402
6687
6669
3947
4589
3027
3340
2829
1588
6402
672
6751
3033
3038
6353
4768
6297
3033
576
4201
3033
3160
6471
6723
6798
2243
6299
3910
5384
899
6708
3340
3223
6299
1685
3910
3910
1685
6299
3910
1685
6299
3324
3340
3033
1859
3640
5438
1015
6416
2727
7008
4245
734
2243
2386
5162
7024
5001
2582
3033
2289
3324
5001
7015
2582
6155
3294
5221
1893
3302
3839
1874
512
6402
3033
4492
6577
6550
1460
5843
6551
6353
7048
3324
7048
7018
576
3324
2422
6126
5827
166
6353
2149
6499
4492
5001
3340
5162
2243
3277
6577
6848
166
4423
3839
899
1715
4257
5001
1733
6250
6250
3884
3023
6202
6151
2911
3340
6093
6106
157
6858
5280
1934
3337
3385
3662
166
4364
3365
4779
576
3324
3340
3340
6126
4607
166
1287
6093
6166
5217
1248
1967
6353
3313
4038
4123
5324
1764
5578
5280
1978
3157
1372
672
2451
2456
672
2243
3138
3324
3340
3492
1965
2243
1335
4492
5161
2896
5299
3324
3324
3839
54
7015
672
850
1593
1931
3033
3076
3324
5700
3760
3966
3033
1777
5876
5288
5033
3324
1588
6124
5735
2289
3640
1094
362
5215
6608
2943
4234
4389
4629
3839
3640
3340
5811
2727
1318
5288
4492
1190
3324
826
2243
3000
5693
5793
3839
3033
3038
3545
3324
3943
6585
6596
1833
6585
6596
1833
1963
6585
6596
1833
1957
5384
3324
6025
1532
3827
1632
7048
5001
3033
2727
3324
3340
3340
5001
5001
3324
3839
4916
3345
5384
1817
1632
4320
237
5001
3345
3683
3033
3684
3345
303
654
2943
3763
3535
6596
3324
3033
2304
6585
6596
2425
6271
3324
4279
1888
5417
5001
5005
6585
6596
1833
2727
6353
2243
5001
2289
3324
924
1833
1963
1871
2727
5001
6585
6596
1833
1957
54
166
2203
6848
3340
1978
5001
1965
3839
3341
4038
1848
1848
3324
3492
5439
3365
3340
3492
7048
3324
5001
4038
4877
3390
1848
5001
3683
4850
5033
3023
5344
2984
5221
3548
5001
3340
1335
3277
3195
6093
5211
4904
5217
1190
1296
6059
2727
5033
5033
5288
3302
3294
4643
2207
6093
6585
6596
1833
1963
3839
6633
1841
3340
6585
6596
1833
1883
2035
512
1874
1821
512
6612
4820
6585
6596
1833
95
3252
3839
4038
4996
2137
2243
5162
2351
2792
2961
6402
4360
3324
2879
5001
6106
3302
5221
4996
7015
3324
1896
1204
5539
1896
1204
6585
6596
4792
7048
7018
6749
2243
5162
5693
5033
4779
2289
3023
3340
3943
5844
5750
4038
7048
3324
1588
6612
2727
5005
3324
576
586
2243
4492
3324
576
2451
6612
5232
2455
655
3033
3076
3252
414
3033
3076
3252
1920
2633
6353
5288
6402
3033
5585
5001
3324
3033
3324
3340
2727
3033
3651
4038
3640
3385
1593
3587
1949
58
3324
6297
3033
3651
3966
3943
6402
3758
3839
1287
7048
3324
1507
6076
783
5001
2351
5876
1311
6939
4235
2964
5162
2727
6093
924
5001
699
6723
1967
1287
5417
899
3535
3324
6585
6596
1833
1121
3839
6025
6585
6596
1833
1883
5221
6585
6596
1833
6848
903
2858
2724
3324
5673
7048
6585
6723
1993
5001
3966
919
1967
2176
924
6507
6612
5001
5221
2947
2243
2386
2596
5660
3839
4110
3324
5384
6093
3302
5868
3324
850
3385
1934
4588
822
1341
3839
5384
2932
6691
5982
6566
6585
6596
1833
1807
1845
5384
3324
5223
5973
5557
5532
2932
4779
5356
1967
1951
1756
3160
6723
1610
4038
6206
2724
5673
6963
5700
11
2056
2057
6585
4792
3340
4038
6402
6402
576
3324
6393
363
1608
576
5660
4779
5223
6596
1015
5484
722
3324
657
1015
5985
6848
1593
3324
3839
6585
6596
1833
3160
3492
3966
4528
2243
2231
1958
3839
4492
1442
1190
449
1811
1777
5001
6353
3552
2582
4629
1418
5850
624
5700
2727
2017
4253
5341
3507
3160
3662
1978
3552
826
919
5221
6093
680
2428
2581
4866
5614
1335
1650
5001
3340
6353
4162
3345
5591
5693
2998
5221
3038
4492
5162
2243
5693
1969
6507
2386
3340
3033
6585
6596
1833
7048
1967
4850
5744
919
3324
4304
1848
6034
5001
2633
3277
7009
2911
5456
5029
222
5135
6617
5488
4933
1335
6939
5001
2582
850
1848
5001
3813
3324
1848
1588
1507
3033
3324
3839
4815
6353
1848
6798
6585
6596
1833
3324
3492
3839
2896
2181
3013
3013
2059
3013
3014
2057
5346
2059
5585
3130
2302
2064
5409
5410
3779
2064
1267
1143
3492
5001
7048
6354
672
5670
3324
2727
5876
7005
5280
7006
5162
2243
1965
2858
2075
4687
2484
3345
5326
2156
1267
1965
3340
3365
3365
672
3492
1158
3324
5439
4866
3033
3035
166
2933
3351
1978
3324
6353
3224
924
2433
2751
2916
3340
2097
2099
3943
3324
6402
2099
2094
3492
3966
5439
2099
2094
6402
5438
2099
2103
3324
2099
2094
3966
2094
6402
2099
2094
6106
3492
2099
2094
2099
2094
7048
3340
3138
2933
3033
3492
3406
1965
2110
2243
5162
2633
2911
5001
4534
4167
576
1121
2659
3004
4038
6397
6402
3033
2122
5539
4492
5161
3033
3340
850
419
672
1978
2207
3160
3943
5670
6093
5001
5020
6093
1965
5591
2433
1777
4492
6600
5221
4162
3689
2386
919
2203
2422
11
4904
2727
3340
6093
5001
4904
5162
6848
4492
3340
3943
2144
3341
3324
166
3324
3839
6365
1287
1335
3324
3743
4492
1190
899
2727
3440
7008
5280
3324
2155
2926
1923
1442
1424
2243
1965
1442
2633
2911
6353
2633
6617
1190
3277
514
3324
3199
306
4864
1893
1015
3199
1859
1378
5585
576
2727
6402
850
822
924
2137
2433
3324
3839
5482
2320
5001
4474
3839
6025
2933
3324
3340
2727
5001
2943
586
3340
3033
4779
1965
1424
5401
54
3839
3340
3324
4484
4794
3505
1311
672
4682
3302
3294
899
6093
2633
5001
3340
3324
4864
6093
5211
5217
2633
3304
2911
3277
6815
3302
767
5458
6202
1893
3275
5221
2907
166
2149
4423
5287
5458
5512
5195
2201
850
3324
6093
6202
4864
2207
6093
6093
984
3160
3943
3942
4794
4864
5384
5217
826
6093
3304
2212
6093
2427
2156
3324
6093
3537
3111
1893
2422
4492
6518
5854
1847
6294
1893
6093
3537
3111
2422
2213
3340
4904
6093
11
4038
4904
6353
7048
5211
4794
5221
6166
2933
5217
5384
6202
514
5001
2243
6353
3385
2433
5287
2300
4256
7048
2243
3340
6858
5532
5968
1883
1873
6271
6585
6596
4904
5211
2212
5033
5217
4492
2243
6093
6353
147
4905
2243
2430
4492
5161
6353
3324
2243
5221
6612
2243
2727
4492
5162
2243
2727
2243
4655
5693
5226
4504
4492
5162
5287
3301
2907
2212
1335
1442
6577
2243
2231
3839
3023
2433
2243
5162
4492
4492
1335
2430
5162
5693
4655
3324
4867
2243
6402
5162
2243
2243
4504
3304
2243
4492
4655
5693
6353
2243
2243
4492
2430
5693
5162
4655
3324
6093
4531
2243
919
4655
5693
237
2911
5876
3277
1442
3045
2625
5591
5414
5326
11
3876
6297
4038
2351
3324
3038
4741
3304
6093
4996
3324
5217
2911
2633
3277
237
2964
5318
1442
2907
6578
3182
4370
2243
5161
3033
3033
5001
2932
5827
3324
5001
850
2274
1624
5001
6708
3839
3340
3324
11
3537
3340
1965
2289
6402
2291
3839
5280
2289
3884
3324
3324
1978
3160
5670
3365
6402
6034
6449
903
7048
5670
6402
3839
1015
2633
303
3277
2911
3526
5001
5280
2884
3324
4535
3760
3839
3340
932
2351
3324
5001
2624
3033
2582
1973
11
2964
3277
5670
3537
3275
3351
1978
4474
3743
3610
6705
3324
2137
837
5001
97
3942
358
6242
3324
3340
3966
4808
5125
7008
3223
2933
2346
3835
2109
6936
1883
1817
2633
2911
4836
7003
7008
740
1442
2243
5288
2243
2232
3943
4779
3839
3324
3340
300
3033
6836
3324
919
1318
1620
5001
5215
4289
4680
4877
2981
3324
4877
4167
2984
3023
5700
6238
1853
6106
1848
3324
3096
3033
75
2433
2137
699
2933
5439
2851
4492
2243
1965
5033
4492
3340
1893
3340
4038
5001
166
5827
2289
5694
1361
2379
2727
2451
5232
2455
3324
850
5221
2442
166
6446
7008
2641
672
2243
4996
4492
2386
5162
2727
5001
3340
2270
2289
3839
7008
2243
1777
5700
5693
166
6093
6034
5221
3340
6093
4904
3340
2727
5001
2379
2582
1190
5344
3033
3035
2243
1978
6402
6402
2582
6392
6093
5217
2388
2389
2430
5288
7008
6155
2379
2364
2727
7008
5484
4479
3492
5382
5384
3324
2727
166
2304
4779
850
3324
5001
5005
5162
5001
3340
6106
3839
3340
835
3839
3340
3324
5221
3548
586
6402
3324
2414
3033
2243
7015
6353
5585
4492
5001
3324
2243
5484
2582
3839
3390
3492
3839
576
4038
1442
5599
6353
6093
5499
1361
5211
4904
185
4468
2427
4492
960
1507
2144
2146
3340
2433
2425
3033
6093
7048
6102
1958
4655
6402
2628
4779
3027
6402
5033
5288
5438
6612
5001
4589
6365
4001
3324
4639
5549
6848
166
5001
1233
3340
3324
3492
2146
1047
3138
3324
3340
1335
3433
5232
2452
1335
3433
2452
5232
2451
655
2451
1335
1424
2212
6093
6189
2289
1965
3304
5384
6093
6384
1893
3023
5001
3537
3943
6297
5033
5287
5001
6915
1000
4038
2222
6402
2154
1180
3492
3324
6384
6032
2477
6402
5344
3910
2484
166
3505
4492
1335
5439
5001
5001
5162
1978
331
6045
3490
3839
3340
1965
1424
3340
202
3324
1833
3302
1507
3324
3324
6093
5211
4904
5033
7008
7048
2289
3121
3324
5694
2289
1965
3324
2858
4687
3324
5572
3839
3168
226
2984
2933
1811
5280
899
3304
5033
5287
6093
672
3324
1685
3030
3910
6026
3324
3351
3324
3033
6826
3033
2404
3033
5221
2270
3839
2727
1893
3340
3324
2532
3340
3324
1287
3033
3035
3760
2386
5162
3076
6836
919
4996
5876
2582
11
5341
1607
1893
6155
1000
3640
4253
3351
3639
6858
6705
3839
3340
899
7015
3367
2243
5217
2433
54
5356
5033
514
7008
6507
2433
3966
1810
1965
1405
4492
4662
1958
2243
7018
7048
2984
1893
5217
1248
3340
6155
3340
5221
3340
2843
1848
166
1287
2189
6365
4423
822
1777
2243
2571
2582
226
6353
4939
5280
7008
4492
2907
4504
4996
2243
4492
5162
3324
3340
5310
3492
3324
899
3033
6402
1978
2243
4655
5693
3035
850
5439
3966
22
1969
2430
2386
4779
3324
3839
3390
1346
166
3324
6297
6402
2633
7008
6353
6600
5221
166
5700
5232
3436
1287
3505
5223
1015
3033
2751
3324
3839
1015
4038
576
3770
4253
2046
3277
3324
3341
6093
4904
5211
5417
5906
899
3839
6034
5001
3033
899
3324
3390
385
7008
2633
6353
2964
3277
1335
4820
2625
2911
7023
1967
6126
3340
670
4522
4474
1287
3743
5001
1335
2911
3526
1130
4836
6353
3340
3033
2727
3324
2433
5001
5221
6537
3390
3839
2641
6518
4534
6915
4866
2930
39
5439
5401
3966
1507
3965
2189
5316
4680
262
6072
2156
5148
3968
4779
6485
5427
1958
2289
850
899
3966
5279
617
1312
4492
1442
2379
3277
6353
4034
7048
2655
7018
3943
3535
2582
6093
3033
7048
3096
7048
7018
1507
2427
268
6093
275
11
3839
1121
1594
985
1287
3033
3035
6433
5001
5221
3324
2203
2984
1811
166
5591
672
3743
3324
3390
1965
899
4726
586
1190
2243
6353
1442
5162
5001
3743
3223
3324
672
3242
3761
4234
1893
1248
5217
6093
6166
1267
874
5001
5405
3324
3340
218
7018
7048
4830
2455
4218
2685
5001
1817
3492
3138
5001
5001
774
2933
5850
3033
6402
1965
5001
3324
850
4779
3839
576
2916
3033
699
2137
2433
2351
3839
6397
3839
2704
3324
3341
1015
2243
1480
147
648
3033
5532
2433
6402
7008
6848
3839
5299
3324
899
5401
5876
2243
5162
5449
5401
1424
1965
2477
899
6206
3324
3033
960
514
3340
3277
3963
2828
2727
3351
7048
3255
834
4308
1255
4850
1967
1194
6402
4504
2907
551
5033
2633
4504
2907
3839
3966
7005
2137
2582
799
5405
2488
2768
3223
6633
3986
680
5162
2289
4479
5035
1123
5248
2122
3365
5439
1767
3340
5001
7015
2633
5287
6353
4504
4364
2243
5670
6402
4038
3138
1978
3138
3340
3033
3038
3324
2243
11
5121
3248
6093
3340
6166
4607
1753
1287
3943
3033
6093
2427
268
3839
3324
1715
2776
6162
6155
268
2427
6402
2727
5876
2962
5033
3839
2964
3324
6612
2433
3910
2727
2633
2911
1442
2243
11
202
1194
799
4866
262
3324
3963
6402
4360
3602
3351
5489
218
2122
7015
3552
3351
5844
3966
2176
4996
1969
2243
2582
3432
4492
5161
2289
3365
1507
3943
6402
4123
1899
6353
3943
2142
6093
4904
5280
4504
3340
3324
3943
5439
3324
6402
3966
822
4631
166
919
7008
5001
3324
3966
6402
2146
4731
3324
3507
3552
2727
3492
2827
4589
5033
5781
5906
6353
7008
4589
5033
5781
5906
6353
7008
3340
3223
5982
3248
3033
3662
5876
5877
400
1118
3248
3033
5700
4741
3340
2289
5001
4492
3277
3966
3492
2933
811
924
2843
7015
1874
6848
850
5001
2057
3968
973
3340
899
1888
5588
6353
1817
4253
6858
3324
166
183
2149
2433
4779
4877
5001
4534
2858
2858
2582
3492
4821
3329
576
1978
2314
4492
3160
3340
75
5670
3160
1978
3324
6708
4407
5001
5162
1015
5001
847
3033
5279
899
5001
4492
3138
1424
5287
3864
2433
1965
2351
919
4474
2144
3324
2727
5280
2884
2891
5001
3324
3943
6402
3324
3943
6402
3943
3324
576
6402
3033
6297
2137
3943
3324
6402
5532
1306
3943
6815
5033
2911
2829
3223
4779
2932
4603
3304
5217
6093
6402
1978
909
3168
5320
3337
3839
6034
1015
3033
1121
3168
5001
166
1373
2243
412
576
3248
1681
1194
799
1721
5001
6537
3324
4038
4866
262
2156
2932
4492
1722
3324
2984
6118
5001
4474
5221
2964
4492
6402
811
3228
6202
6093
4474
3324
3340
4779
5033
5287
4904
2925
2727
3340
3324
924
7015
4688
4532
3340
5417
1624
5001
6402
6402
6402
3563
5001
1190
3033
2964
3313
872
3200
872
5221
3548
3200
2957
5097
1335
2633
2964
1712
1335
1977
2558
3313
6353
7023
2964
3313
850
2289
5288
4492
5161
2243
3324
1608
899
1507
4483
822
4389
822
3324
5280
6353
2484
6495
5782
3076
849
1318
4289
5215
4877
2992
2933
3548
3839
5221
3770
6384
4662
5116
5844
3033
2651
4534
4534
3033
3324
3492
3324
5221
850
924
3223
576
3324
5001
6556
5301
4492
3304
5211
4904
5217
6093
2212
1442
5162
3013
3662
3324
2422
5001
6402
5211
6093
3154
3492
5211
6093
1190
6679
7005
166
2149
2270
2289
3340
5001
774
6299
3910
1685
6026
3839
11
899
54
6353
3277
6202
6166
6155
6106
4996
3033
6106
1893
4038
3324
3640
4289
4779
3038
6397
3324
3340
3037
3839
6402
6815
2911
3277
2582
2926
3839
6858
2582
3324
97
4474
648
5001
4038
37
576
3839
5344
2943
2727
3324
2238
4525
6402
5161
6931
4662
5288
3033
3324
2176
2154
4779
5532
5341
3324
3942
2377
3340
303
2627
2625
3277
3313
4504
4996
4904
5693
6093
609
2911
97
3324
3324
1015
4492
2243
5876
4956
166
4426
2149
1833
5746
6848
7015
4996
2137
2748
672
3076
3359
1969
5675
5068
6687
3324
4904
3302
7008
2212
1893
3304
6093
5211
4492
4900
5221
3340
1978
7015
5001
1965
1967
4492
6723
1507
7048
3033
3155
3158
3035
576
3033
7048
6155
6093
4904
4864
2858
3876
5438
1893
3304
3340
5217
4996
3839
7048
1958
1893
3168
3340
3324
3317
5001
3385
7023
2964
5318
6353
6025
3662
358
569
4123
5341
3943
3942
5532
97
4589
968
1267
2243
2433
5569
2137
2243
7015
4687
5161
2386
4492
3111
1311
4779
3223
3324
6353
2932
3098
1748
4768
822
2727
4996
1493
6422
3223
5438
7015
4492
2482
6353
1430
1965
5179
1078
903
6350
6537
1335
2727
3324
2843
5670
6858
3275
2099
3324
4779
1015
3839
899
3613
5280
4229
2243
774
5700
3324
6034
1190
924
6858
4492
5417
7003
1335
5001
3340
3324
3943
3033
3537
3947
3839
4038
6297
3141
3324
3943
3839
2207
3340
3138
3055
5221
1893
3492
3340
3138
4492
3324
2582
2243
3943
3324
3773
3943
3324
1627
3552
4341
3351
3324
2243
3943
3145
5162
2137
2351
2386
3155
672
4687
2446
90
3138
4290
7048
6402
4389
3033
3324
4504
5226
4996
811
2243
3324
1965
3345
1442
2243
3033
6915
2727
6402
5344
2727
3324
6848
3340
2279
3324
3839
2984
3178
1374
3340
3839
894
3185
810
2433
4474
3966
6402
3505
3492
5344
6297
6181
4996
1190
4629
157
2322
4808
5850
1015
872
822
5221
3548
3340
3138
3943
2633
1442
4278
3345
3324
3943
4492
1442
3277
3045
4836
3324
3743
3839
4532
5850
3248
2582
5344
2137
5870
1507
3324
3552
3340
4492
4996
1993
3324
5001
5223
3340
5973
4996
4167
6122
3943
3324
6915
3230
3345
2207
4864
6166
6033
3232
5221
2243
4492
847
2386
5162
5001
3099
4996
1893
2084
3340
11
5857
3340
2243
5162
1700
3943
899
3760
4492
3839
3839
1833
4479
4794
3386
3499
4038
3324
3743
4532
3340
3324
5384
1893
4492
6353
3433
6402
2176
3943
4904
5401
3033
4905
234
7008
5867
5221
3345
4904
363
1190
5001
3535
1335
3324
1685
3910
1593
2727
3943
3324
3324
1751
1015
3877
5211
3302
3294
5439
647
4256
4483
6270
1507
3839
1593
3820
3716
5221
3033
2203
6353
11
3324
4474
5982
5280
6353
5591
3282
303
1335
1436
5060
5064
7008
5280
3454
7015
2433
7015
3839
6353
237
3948
6617
1442
2633
2911
2046
7048
4687
1967
3302
2243
6352
3340
6093
2084
3304
3492
6093
4904
3302
6397
3033
3304
4996
2582
826
6093
919
5162
6093
1969
3033
5973
850
5439
3324
3076
414
881
1848
7048
5867
5754
6612
6297
6402
3526
3138
4813
6705
899
2243
3340
4038
1751
5001
4123
5001
2727
3340
3337
1751
3341
5670
2433
1204
5539
2142
2212
6093
4904
3876
4474
5867
5162
62
2243
3943
3839
2936
899
2176
2433
2943
5001
3324
3324
2727
5778
5001
3223
4253
5001
3324
2582
3329
1303
3839
5836
2727
2351
708
3496
494
3033
3340
234
3341
3038
4687
3324
5876
5877
3449
3268
3270
4794
2243
963
5716
5731
5879
1015
1965
3760
4866
3324
3640
6126
6617
5001
3552
5670
4904
3947
1738
3839
1442
5211
5217
5599
6093
6353
6093
37
2422
5001
3138
5384
786
3186
6273
3340
6402
3033
3968
4779
2911
3839
5357
6285
3223
5223
2926
2304
6708
5001
899
4877
6032
2384
5001
1751
6297
3168
3340
1721
3340
899
166
1015
6526
3388
2243
899
3324
899
5850
919
1266
3388
2243
899
1593
5001
6723
1967
3839
3760
3449
3839
3033
2243
4779
3839
3324
899
3033
3168
3304
4794
4886
6126
822
3966
3340
3121
3033
3324
1593
3640
4532
3324
576
4996
5700
6507
6612
5438
5221
4262
4504
6578
1500
3943
358
4038
3760
576
3340
5670
1424
1426
1965
3324
3839
5146
6402
3324
3340
3839
5670
3223
2582
3138
4492
5162
2484
5827
3340
5401
2582
2933
3340
6034
2816
166
5827
5462
7008
4492
3076
3324
5982
576
54
4904
2142
6848
3033
3324
1335
3138
5232
5233
2351
2455
2243
655
5439
202
3138
3839
1469
5876
4492
11
2243
2146
2289
3340
2943
3839
5232
655
3385
3839
1593
2433
2351
1088
2351
1296
6848
3033
5324
2422
6402
924
5001
4492
919
3324
3340
2455
3324
3096
4492
362
4233
312
311
2243
3449
6155
6093
1507
1888
2335
3304
5217
5231
4904
6024
3839
1593
363
5279
899
1190
3340
2433
5342
2243
1965
363
3449
576
4038
3138
3324
4655
1965
2858
4101
3340
3324
3440
5963
3138
3708
3340
6093
6102
5211
2427
4904
6034
4492
4904
6093
7048
3876
2243
4842
247
4474
2351
3943
2243
5161
2146
3277
2627
2625
3324
4038
6592
3037
4038
5001
6402
3839
3443
655
2451
2455
3324
11
4479
5001
4607
1753
1853
1248
1272
1274
3345
6402
213
2538
899
5670
3160
3324
419
3943
3340
3810
6034
1715
4038
1015
1893
5211
2289
3324
2409
3324
2842
3324
3839
2289
3340
1978
6706
3351
4289
3340
202
5001
3033
3324
3966
4866
5439
3505
5001
6488
3138
2768
672
1969
5961
3796
2397
3359
331
5951
4479
3563
3324
3839
3552
3160
3507
6471
3552
3535
1267
6471
672
3507
3552
3552
6471
3324
2243
3432
2582
3304
4996
5211
6093
2243
4996
2727
2455
799
6034
5302
5670
4123
3324
4038
3340
1967
5746
4904
657
2452
3504
202
6402
3324
3750
3038
3340
7008
2633
6815
5728
1660
5001
2948
3340
2270
6708
877
5532
4038
1413
2137
3033
2341
5001
5850
3492
4038
3545
5876
3033
5001
3313
1015
3324
5138
3390
3839
5001
5005
5435
3839
1190
2386
5001
7015
6402
5344
5127
880
5001
3563
4866
1965
2861
2455
2243
2231
655
5161
1777
960
1318
1507
2932
3340
3839
5215
3839
4219
2488
919
3138
1813
3640
899
5572
6297
5001
2433
3324
2137
3033
1162
3324
412
3839
2254
4038
3587
1507
3760
4479
4589
3076
3138
672
3138
3324
3033
2243
2727
5221
4389
1593
6402
3033
6507
3324
5405
3324
3839
576
3324
5778
4492
5162
2243
5001
4904
6093
3535
5417
2768
1952
1287
4996
5384
3324
3111
3773
6034
2727
5517
1507
4866
4629
5401
5876
7008
807
3324
822
3966
3324
1507
4866
2815
6798
6271
1883
3033
5827
3138
1978
3351
6297
7048
3324
3160
543
11
3351
362
2243
4233
774
2251
4229
4492
5162
5876
6402
867
4492
3138
202
4741
2243
7008
5001
3275
4253
1627
4047
2947
3033
4389
2122
5148
5001
6402
3324
3839
3324
3340
157
2538
2144
2144
6402
2289
56
4338
2289
3340
3502
3824
3345
3610
3160
1978
2705
6144
1593
2704
3324
4072
2243
6967
5162
720
872
3839
7048
822
4535
6126
4631
4866
4904
2122
5211
1893
2469
4603
1194
6093
5850
4904
5211
5033
7008
2433
2727
3223
2203
3492
1493
157
6397
5683
3033
4525
3839
3884
37
3492
6402
54
6093
5870
2907
6166
166
2582
2351
3996
1204
1335
2911
6758
166
850
811
2204
2351
4423
5221
4479
3023
3324
4779
3996
6402
5596
5221
1965
3340
7020
1424
917
5001
4492
6415
3033
672
1442
3033
2243
3684
3045
3324
5162
4492
5066
3035
2386
2232
1978
3340
3033
4589
2212
6093
4904
5211
5970
847
5973
5001
3910
5591
767
2289
763
3324
2289
4670
4038
3223
437
3492
3076
1965
414
1424
4492
5880
5876
2335
576
4492
2428
899
7015
3033
6542
3324
2933
2137
5836
4768
6935
6848
2933
6353
5558
5290
5280
5287
4253
4492
5001
166
3324
4038
615
5001
4768
3324
4176
3839
4802
6481
4123
3492
4038
5532
6402
2961
899
5001
3033
3548
4162
5162
2243
3255
3160
4492
6402
2727
3341
1978
6402
3839
563
5800
54
166
2351
7003
6967
4996
1445
2933
7015
899
512
3839
3033
3340
3324
7008
121
873
850
1985
3735
4996
3340
5857
3385
5614
5280
5591
6402
3839
1751
3324
3033
3385
6673
5221
3340
822
2289
1507
5221
4996
919
822
3033
6402
3324
6402
4996
3943
6353
7008
5811
3096
5221
5001
1883
3839
2084
5033
1335
7008
7008
2212
6093
5539
3938
1318
6402
1312
1442
6353
3839
6402
6558
5670
903
2322
6858
3340
5221
6612
6507
5870
850
1259
3340
4687
11
1965
3839
5714
5001
2243
3138
3548
3324
4996
3324
3324
3111
3943
3324
2243
7015
4667
4492
4687
5161
4655
4256
3340
899
6297
5317
615
3839
2430
3839
1751
2243
5162
5215
3324
3839
1015
3340
4687
3324
11
1673
3440
2480
4996
2351
3023
4341
4528
5439
6402
3492
11
3324
3138
3943
5161
1627
3839
5670
576
3839
672
4320
4479
2351
3839
5384
2433
514
699
4304
5484
3340
3432
3324
919
2203
3302
5774
3839
4474
3760
3807
3760
4474
5280
2884
2614
5001
3324
6768
6297
5001
5005
4911
1978
3943
3638
4794
5191
1965
4996
3340
4038
672
2520
4939
5221
2203
11
4423
166
1015
6365
6106
3996
3662
3324
5384
3829
4492
4687
3033
5001
5854
5371
5384
3839
3351
11
331
3552
6297
3996
3827
4171
166
4038
3839
1015
2122
4996
2433
4996
743
5280
3324
5001
5876
6402
6858
3324
6757
5401
2582
3033
7008
3849
5280
5280
5001
3996
1923
1965
1424
1442
4996
6499
5344
3384
5001
6402
3340
5001
4866
1377
5221
2137
4492
3858
5221
3852
2727
1896
1335
5221
3861
3852
1259
4492
6106
5221
3861
2727
1335
4893
2582
3324
7023
2351
4794
403
5849
1450
2137
2451
2992
2243
2386
5693
2430
2964
7015
5162
6537
3877
4308
11
5357
799
11
4474
4904
4996
2885
4639
1442
5001
3324
3910
3324
6299
2911
302
2243
5221
3743
512
4121
4122
5288
5033
4492
5162
6402
3324
2727
2932
3340
5401
2727
5666
6026
2137
362
3839
3096
774
2243
3223
2727
6353
1143
1015
2270
2289
2727
3324
3440
3275
2727
5001
5417
1477
6936
3340
3529
924
2727
2727
2627
4492
5287
3910
6299
3912
3910
2046
2243
4492
5162
6353
3910
899
2727
2936
3324
2243
3918
3966
5162
5527
5693
3340
7020
5001
6353
2484
2858
11
237
1287
64
3324
4687
576
3033
2633
5033
4492
5287
6353
5162
2243
5693
6495
5001
313
4257
1620
5844
5439
5033
5287
449
514
330
3743
3390
3324
5001
6778
3023
5952
699
2270
672
3839
3302
3304
6093
3033
1287
3943
3033
3943
3948
6033
4735
6297
6402
4655
2118
3839
3943
3956
3038
1519
68
3168
22
166
899
1287
6353
4038
729
4441
5105
5361
850
6353
1335
2384
919
4996
1965
1424
2243
5162
5876
7015
6353
3277
3813
4779
4866
4426
4904
166
6093
6848
850
1480
3545
2317
3324
3340
5221
6723
6710
5001
960
3839
5670
3223
2137
2582
5344
2203
4687
4717
1447
3324
3138
1653
3982
3492
3610
4123
2571
1378
2172
3056
2243
5746
1015
3340
5033
5287
576
1121
3760
3839
3324
5001
403
4002
4779
5223
4364
1442
909
3337
358
5414
5326
811
3548
3689
4474
5221
5867
3385
6402
5997
1771
4492
6297
1978
5191
4492
4779
5326
3324
3394
3324
924
3324
4253
6402
83
226
474
620
909
1673
1797
2433
2582
2952
3449
3996
4002
4794
5191
5800
6384
6914
3324
3390
2243
3324
4492
1442
3662
1985
4042
4041
7008
5033
5211
5217
6166
1978
2243
5162
4051
4051
5401
4479
3406
1507
6673
2289
3966
4670
2429
3877
4643
4465
4466
5221
5867
899
331
1204
5282
5001
3033
7008
4067
6397
7008
7005
5001
3351
5033
5288
5033
3302
5033
3302
6402
2961
2704
2705
4492
5001
6612
3033
1424
5401
2828
54
576
5001
6612
7008
5033
4492
4900
5001
3535
5287
5033
5162
6687
2631
1335
7015
2243
5211
6093
4492
2318
3839
4167
3943
1090
4534
3045
1442
3302
4492
5162
3492
3033
3035
850
4996
3301
2526
3294
5226
5001
1712
2632
2964
2911
1296
2633
609
4105
1335
3324
3948
4103
5280
5280
4710
919
4492
6353
11
5221
2341
4687
7008
5280
4904
5211
5280
4492
3304
4096
4904
5211
5161
1424
1965
6093
5001
3324
5438
5221
3324
4866
1507
2815
3743
3340
873
4881
3385
850
2351
2974
3358
4038
3340
4121
4038
6778
358
4945
5604
3537
5843
1303
6433
3839
837
1190
2243
262
2964
4492
5693
6353
7008
3033
6402
5001
5269
1335
2222
850
2998
3324
4474
2727
1204
5424
437
521
4646
2843
680
6858
6947
2433
4687
3340
3033
2484
3340
2843
4779
2243
5162
6402
1576
3324
6778
3324
3340
1813
576
6778
3545
3324
3974
3185
3839
1015
3340
2186
2404
3492
5310
2250
2243
3255
1190
6353
4158
4162
514
11
4161
5001
2433
3943
358
435
4534
7008
5033
2212
4866
6365
166
2727
56
2243
3910
2964
4996
166
5162
6026
4492
2239
5693
5287
3912
5033
6402
4794
1978
4794
3343
4176
4304
2727
166
3947
4038
1015
3033
4423
4383
166
2243
5475
6353
6402
2243
5001
2727
6402
6980
903
1296
6848
4492
6402
5001
2727
3023
1420
3640
3324
2273
3839
3033
2243
2627
5876
6737
2433
3397
909
576
3713
471
3324
3400
6848
6518
5261
3492
3324
4904
3302
5287
2433
5033
4492
5693
2128
3168
4904
2243
4492
5211
3033
3324
6848
3033
166
4383
3839
2422
54
7015
1776
3138
3839
2317
3076
850
6402
850
1335
5001
1190
672
3390
672
2317
362
774
3839
1965
1424
1507
1965
1424
362
774
2943
3351
6939
3324
3365
4256
2858
4492
680
2289
1424
3324
2289
4582
1660
2170
65
3155
6402
1576
3743
1983
1965
3947
5973
5223
4779
2004
1015
6705
6402
5001
7048
2243
3324
6723
1190
1928
6798
4465
3966
4866
2318
4534
3839
3651
6354
6402
909
7048
6402
6870
2289
514
2433
3324
3023
3884
576
667
166
1507
3324
3033
2243
3033
1507
1192
6353
6429
2932
5401
2727
3223
5867
4484
6533
234
4492
6353
5746
1287
2243
5221
2203
3301
4939
6126
3839
1965
5161
2243
6402
5417
1287
54
166
1221
5302
4284
4287
5302
4284
4287
4281
4283
5302
4284
4287
4281
5302
2243
2386
5162
5302
4284
3324
3138
3340
3138
3340
3324
3033
4297
7008
5221
1593
6723
1777
4996
11
2727
2238
1015
5384
6836
5001
391
3839
3942
3341
5346
3324
5001
924
5279
899
2341
6566
3324
3340
6463
6848
166
4426
4410
4474
6297
2203
2633
7048
7018
7008
3255
2911
5162
3394
4167
3662
4631
1965
5344
6402
3326
3388
2943
5001
5005
2243
3340
960
6397
2943
3340
2476
5161
3138
3340
3033
3035
5001
166
56
642
3340
5512
4589
6402
1947
1507
3324
1015
6297
6556
3603
3096
3033
1848
4779
3035
3033
1848
3033
6737
1848
3340
1965
4779
3035
1424
5001
4341
3324
6034
6402
6353
1354
4492
1442
2243
672
1015
2322
3337
3340
5906
3248
3545
1848
2582
2830
3324
3340
7018
7048
2243
1965
1424
5001
5585
1965
6402
2243
5384
2243
1965
166
1424
3301
576
6093
67
166
667
4426
4794
3839
6848
54
183
1847
3340
7015
4996
2137
1817
576
3304
5211
5217
6093
6166
3351
4459
6297
3324
1190
2727
6350
6352
2422
4815
6238
166
4779
2727
3340
3968
3276
4996
699
1436
5700
1287
899
2243
5161
899
4996
5693
2430
657
4580
6384
2427
4996
3033
4394
3943
6126
4794
4768
6858
3585
1893
7048
899
2518
5876
6402
672
3340
6402
3033
3340
6202
1248
4474
4682
3390
166
4410
166
54
166
5001
5354
5359
166
4904
1450
166
2149
4423
11
4415
2348
1477
166
166
166
5832
166
4426
6097
1893
4410
3935
166
2727
166
166
3302
147
855
3640
3743
4038
4383
4474
5700
2772
1952
3340
4038
3111
5221
5700
2843
4779
2932
3212
166
6848
3943
3033
2727
3324
3340
2243
4504
2017
1418
6034
217
7015
6402
2243
2433
2243
7010
4492
3324
2526
3492
3340
201
617
1442
2964
3046
3277
6577
5105
903
1335
6353
7015
5232
2455
655
3033
5219
2243
4655
5232
2455
303
3033
2243
5844
1323
5001
6297
1121
5162
4492
974
4794
3033
655
2455
5232
2451
2384
5850
11
2451
2455
655
3839
6556
1978
3324
391
7048
3943
5670
3324
5414
5982
1978
3943
3640
2243
3548
5221
4465
6093
6102
5211
3304
3033
4904
7008
6093
4904
5211
6102
919
4474
1361
185
4437
4492
6353
917
5693
2427
7048
4996
5499
826
899
2351
3033
4474
6518
5162
2243
2243
2389
5876
4492
5876
3699
5001
4474
6402
3324
3324
576
6533
6762
1311
5867
121
3839
576
1978
4482
3324
419
4487
6402
4487
3023
4479
2932
3576
5264
6392
5344
3839
576
503
672
4051
5033
5288
3255
4492
5001
4492
1442
2149
2243
4171
6577
3587
3640
5302
4284
3324
2451
2455
4655
3033
1969
3324
7008
6402
3324
1299
3966
330
2243
3186
4492
1442
5989
2243
2386
4492
6698
358
1015
3340
3839
1015
2186
3340
3839
3340
1015
3324
2186
358
3340
1015
3839
4687
2186
5001
358
1015
3324
3340
3839
1015
3340
924
5700
3324
2911
5033
2633
4492
2911
4939
576
3839
5850
6093
6155
2433
2137
4538
2433
899
3033
3324
2582
3138
3552
1965
1978
2289
2858
3340
3884
5001
6353
3341
1335
3839
1287
899
6365
3947
4779
1751
2243
3324
3839
3943
1442
903
850
1874
2964
56
4904
3033
5226
2112
657
7015
4492
1361
5161
2243
5591
54
4338
2176
5211
2142
6848
6093
3633
2231
1190
2243
2727
3324
6093
3340
5660
576
1442
1204
2727
3045
5539
56
6848
2243
4383
166
2727
54
4338
5162
1442
576
5876
4556
5068
1909
899
6071
1893
429
4768
5482
3033
3943
7048
7018
1965
4358
3033
4563
7048
3549
5001
4578
3839
4715
6858
6402
3839
5001
2727
1507
3324
6155
3324
4342
2386
2243
5001
5162
5162
4996
4492
5876
3324
3385
2992
3943
2243
5693
2582
5401
1673
4297
3138
3943
2243
3033
4290
4492
2322
919
5001
2243
850
508
3310
3324
1978
5344
3277
237
5279
899
2207
3351
4904
4320
6202
6705
6093
5211
2243
1343
2180
1893
2427
1969
3304
1442
2243
4364
4866
5162
3277
5221
3548
1287
3033
1343
2386
2243
7008
166
2633
3255
4492
5693
6353
1965
5001
6402
2582
2289
3324
3340
2351
2243
576
3138
2582
924
1806
2659
6858
3324
4864
1893
2932
4492
5001
2084
6402
2933
3037
3340
3033
2727
5458
3943
3324
2243
3324
4996
5161
4492
6353
4492
2243
6426
3324
6402
4609
4836
3324
6633
5001
1874
3535
1931
1493
5417
5005
1965
2858
5001
3324
4492
5162
2243
1965
3839
822
5001
3324
5985
6848
5870
6353
903
5001
2243
4667
3329
3333
3651
4256
4687
5162
5439
6690
5439
3077
6384
3839
5326
5414
5591
4933
3345
3324
3033
2243
5162
3038
5001
4996
5906
7048
1036
1182
1969
7005
2582
576
2961
2146
2776
268
2427
2137
1190
5033
1969
5676
3324
4038
1287
6778
3324
11
4038
3499
6659
4996
1565
576
3640
3774
3943
3774
3943
1934
4690
3033
1978
3651
4257
4690
1978
4687
4492
5569
4820
3659
3038
5808
6525
1424
3548
3947
5324
5591
5033
7008
576
4820
7008
6353
5033
6967
6617
4996
5033
7008
5033
5279
2633
1217
1215
5001
3340
166
6202
5341
7008
3966
2633
4753
6402
6353
5162
5288
4492
1190
4492
6353
5288
2633
6093
3304
5217
4186
4836
3876
7008
2137
3662
576
1893
2351
3223
3224
11
4726
6353
4726
3324
3385
3839
4731
4736
799
1442
2137
2161
6352
799
1190
5033
7008
4687
1593
3038
5793
4492
2582
2727
2907
4504
919
3340
6026
1015
5162
2243
2270
2634
1859
1157
2238
2433
3340
3324
3033
3035
4389
3340
5973
1923
4687
2341
1335
2964
7015
6402
7048
3324
3535
5221
5384
3340
4996
5382
2627
5591
6353
3829
3495
4710
850
3304
4794
899
3340
2932
3943
3341
3839
2254
4794
4687
2422
3340
3839
4038
6596
5001
3492
7018
3341
3839
2254
4794
4687
98
4768
4768
3033
1015
3640
4768
2727
5793
4302
2137
4766
4766
4766
4766
924
2727
4329
5001
2243
3340
5162
5693
924
6402
2243
2933
7018
2633
7048
5693
2351
4996
3324
4176
3340
1190
6033
6967
4662
5001
648
6352
672
5221
7018
7048
6749
576
3324
6126
3340
3343
4866
4794
4794
11
7048
6034
1985
1428
1965
3492
4589
5876
2558
826
2625
576
1267
1442
2243
6577
3695
4257
1978
5439
83
6353
4437
5876
7015
924
3224
5001
1442
2243
3324
899
3033
351
919
3492
2933
3324
6093
5211
6093
3345
1893
3390
3576
3839
6034
5279
11
899
4830
3033
3340
1969
4930
899
576
4655
3340
3033
3138
655
2451
2455
5233
3324
3035
6297
6470
899
576
5635
3076
5221
3033
7008
514
5033
5288
899
1015
2351
2433
3302
4680
5033
3839
3324
166
2149
4383
3255
2243
1442
3277
672
3324
2386
101
2341
2523
5221
2203
4161
4697
5058
5417
5033
5287
4996
2727
1751
5161
2243
2582
1859
6034
4589
5537
3324
4304
2509
850
919
2984
5746
5033
5746
4492
5033
5162
4504
2243
5288
6848
2243
166
2386
4996
2351
4492
5162
5693
2998
2239
4364
6853
1190
1847
3324
5226
3033
5161
54
4383
4423
2582
6026
3038
1593
899
3302
3340
3943
1893
1442
2633
2911
1130
6093
4865
3324
1965
1424
4364
3345
3033
576
1813
1190
4687
3924
576
3324
3839
5850
5001
1424
2858
1965
2243
4629
2433
850
3324
5362
1374
1377
5539
5211
6093
5217
4904
3304
3033
4996
826
5001
2433
5001
5001
2484
4123
4364
6402
6093
4886
4296
5226
1190
4646
3033
4492
4221
7023
5161
5161
4492
4221
4996
3324
3943
6397
6848
3340
5001
672
3966
5527
1507
4866
166
3839
4533
6155
5221
5982
4423
6093
5001
4904
3033
3035
6093
7048
2526
4996
4534
5232
6353
7008
5033
5726
2137
5693
5211
3304
4904
6093
7008
5033
5287
6967
5565
4996
2633
7008
2911
4492
4492
5033
2137
1190
6353
4492
2633
2243
3301
6093
1442
2911
1190
5033
1335
5288
5288
5033
2633
2911
6353
5001
3324
5001
3329
3613
362
774
5867
6518
1296
2727
5326
5414
6202
4996
3304
826
3324
4492
1910
5280
4941
4504
2858
5280
4655
4492
5161
1335
4038
5318
2964
1978
3351
3743
4459
4474
5280
3337
229
2907
1442
834
5321
6353
5033
7008
5287
6617
2633
7008
4492
5001
5013
4957
672
6507
11
672
5670
11
919
2582
3324
1507
5068
4956
368
1932
672
4957
3966
1969
5439
5441
4956
909
6402
3760
4956
1274
1418
2017
1419
5125
4956
4957
4956
3760
4820
11
1771
3996
5161
4956
4957
4956
1670
11
4956
1544
4956
6518
6723
11
3324
7018
1967
4956
1777
4956
4956
3033
3492
2535
4956
2243
2250
2430
4492
4956
4996
5693
6402
6507
3091
4956
4956
3270
3449
1638
6836
2582
4956
4956
4145
3574
3324
4479
7015
4956
4158
4159
4956
4956
3033
4956
4996
4956
4956
5588
5324
2727
899
4956
5401
4629
5165
3223
5660
3324
4956
5734
5731
5716
4956
4956
5770
6155
5854
5974
4956
4956
672
4996
919
6836
6085
4956
6507
4956
6305
6402
1194
4956
5221
6518
4956
6617
3948
5973
7048
3033
4956
6507
648
4820
4996
3035
6352
4956
4876
6723
11
1442
5162
1335
2633
2911
5973
4038
2433
5001
5001
5001
5001
5001
5001
5001
5008
5001
5001
5001
3340
5001
5001
5001
2964
5001
5001
5001
4441
1335
6353
5001
5001
4891
5001
5001
774
5001
5001
5001
5001
7018
5001
2911
7008
2633
4492
438
1442
5288
5033
3324
3340
3033
514
5435
1977
2911
7048
5033
5288
5670
3160
75
1978
75
4002
2933
2243
5038
5670
3160
1978
3171
5973
6706
6705
3351
5326
5414
5591
303
4836
237
7008
4492
1442
6577
5307
5280
7008
2124
438
237
1190
1442
2633
2911
3277
7008
5033
4045
166
2137
4492
6353
5288
2386
2243
2727
5162
5693
450
4492
5287
5033
5033
5417
1287
5867
551
2907
4504
3883
4338
7008
303
1335
7008
7008
5001
1130
5001
5001
3340
4038
5001
3076
3492
5339
3340
6126
2911
2633
1442
5033
5288
6848
166
4426
4383
4423
850
6353
3340
5105
218
4662
5080
5080
5001
1204
5539
1874
1875
1507
5439
39
2815
1715
5001
799
1204
2582
2633
6353
2633
4492
5288
5001
6166
6093
899
3943
5439
576
1768
672
4176
2855
1413
5539
1204
7008
5033
5288
4492
438
3255
6353
1848
3340
3033
576
3492
3324
3275
3943
2105
3138
5310
2406
2243
3390
4293
2289
6915
2351
7048
3342
3839
576
3340
1263
2351
3324
576
6397
3563
1015
850
5973
5844
2289
3023
3492
6708
6026
899
2727
5850
924
1999
3386
4387
37
2538
5001
6402
1194
7048
4492
6402
2582
224
4662
2727
850
855
3324
5001
4904
1965
1715
4038
2451
2456
5133
7008
2633
2911
7008
5033
166
2351
5001
3324
3943
4173
2911
4492
6093
2243
2199
6155
3359
1190
1335
2633
4492
4933
1335
2144
5147
5280
5280
5161
6402
7015
157
880
2207
6353
7015
5280
3033
1190
1442
5001
5162
2243
237
4108
2243
2386
6617
6967
4996
7015
3449
2433
2633
1442
1190
2911
7009
1335
3876
5005
1965
2858
4479
5001
2433
4492
4492
6353
5001
5162
4492
2451
2455
4956
5033
5288
6071
5221
2203
2727
3111
1969
5254
4504
6751
6093
2203
5575
5221
5320
5033
7008
1190
6352
237
5033
7008
1424
1965
5001
3340
2727
7008
6353
3277
2433
4492
3277
3045
6126
5001
2633
5287
2632
7008
391
3340
4866
6963
1848
5288
2633
2632
4492
7023
2243
7008
5414
5326
5591
7008
7018
1442
3045
2633
6577
2633
1190
237
2243
5287
4794
4996
263
4866
2243
6808
6952
5401
2633
5458
2201
5512
3324
6202
7008
5033
4492
5001
4866
2243
2386
5280
4866
2633
2632
1130
2911
5001
2422
2243
3255
4492
2633
5162
2386
5693
1190
7008
2243
2633
1190
6939
3277
2911
6815
6025
3640
3324
6093
5321
1000
5212
533
3340
6353
5321
5001
2633
6093
7008
5415
2727
5232
5287
5033
5973
3255
2633
4504
5288
1620
5227
5876
1620
3324
1817
3033
2243
6093
7008
5232
799
5282
5280
2911
2627
3277
513
2633
2911
5033
7008
6612
5326
5414
5591
2433
4863
576
6848
4364
3839
4492
2633
2911
2243
4492
5287
5876
6155
5280
2633
4492
2911
2243
3302
5112
5001
1969
2488
4108
5065
2911
7008
1130
1190
5068
6848
3492
3033
2137
5001
4631
5344
4331
6402
3324
5589
3535
6507
5033
2964
3313
3033
6126
7015
6416
11
3324
5484
4794
5906
5001
5162
6815
7005
2243
6353
5876
899
5280
1204
5280
5280
5033
7008
5280
7048
2911
237
5280
5287
5280
5585
5292
5280
5585
5294
5280
6617
5280
5033
2318
5001
5033
5287
4492
5001
6155
6093
1248
4492
4904
2203
5221
514
2633
7008
2632
7023
2911
7008
1190
3324
4794
3943
3492
6353
3275
5384
5001
5001
3492
5033
3259
5876
1335
2335
5033
3743
924
5001
6034
3341
3743
899
2964
7023
3340
3033
5326
5414
799
1194
6826
3324
3038
1507
166
54
2433
5583
5532
3324
3340
7048
7018
412
1874
5867
4304
6165
5001
2947
4474
3033
3966
4479
3324
3406
5439
4866
40
4256
1123
2932
1507
3033
4492
5001
5330
5001
2582
5335
5280
5280
5280
2911
4492
5033
2633
2911
4492
3340
2318
1000
5212
5321
533
3340
2582
6402
3033
2243
6126
4794
3943
5439
4528
3760
1204
1532
2351
2433
5691
5221
2633
5280
3302
4996
11
1893
1983
6556
6093
5001
5033
7008
5280
2727
166
7008
4492
6499
4441
6353
1335
5148
4162
3968
2964
2633
3255
1442
6577
2243
5693
5211
7008
2911
5599
5726
6353
1893
2201
3356
5033
7008
7010
5033
7048
5287
5211
6093
6353
5033
1335
5484
1374
5384
5484
2231
3324
4479
6247
5384
3324
3033
1379
5370
3033
4996
4878
5375
3033
4996
1374
5384
4794
358
5215
5422
7048
6102
7018
1204
6895
1507
6093
1925
3324
3033
5384
5484
5384
6402
1268
3324
3385
5532
3839
1507
2243
1593
1424
1965
5484
5001
5005
2243
4365
5384
3324
3138
3340
2243
3033
3943
5384
7015
5384
3340
5001
5384
2415
4038
5382
4492
5384
6402
4341
6404
5401
3138
672
3324
6481
5221
5001
2351
5221
1194
6402
5127
5405
4038
4779
3340
5417
3341
5405
5105
5973
5409
5223
4779
5409
5973
5409
5557
5973
3682
5033
5326
609
5288
5033
1374
1377
1379
4878
5370
1374
1377
4878
1715
2633
2911
5420
4878
1374
1377
5280
5409
5410
2727
1204
5223
2243
2386
5439
2243
5001
5221
6190
2075
2037
2633
2911
5354
166
4866
3505
3966
5001
6353
609
1335
5001
3996
3662
166
4426
4682
1287
2484
5439
5439
5439
3324
6402
5221
3324
822
3839
5001
6813
4891
166
166
5001
1413
2149
4415
4423
3826
5287
5033
5827
2962
5001
1442
5539
1204
1190
6577
3255
6352
1424
1965
2243
2633
2911
1442
4492
3255
5162
6939
6070
7015
850
1204
4794
3033
2084
2351
2243
2582
5001
5019
1442
2727
6353
6352
4492
237
6353
5001
5033
2433
7008
672
5033
5288
2911
2633
5033
5288
5868
5499
5288
5539
2455
5232
1204
2727
2451
4794
5458
5512
2201
3356
3535
5221
725
5001
3324
202
899
1311
5384
3839
3033
850
4304
5484
5384
4479
6205
4304
5484
5384
3033
850
3986
3367
1576
3743
6612
4304
3829
2270
3341
1424
1965
5326
5414
5591
4933
5660
5664
3038
2243
3033
6612
4492
4996
169
2427
5868
4492
2477
166
7023
5161
1969
6238
7008
5693
1777
2243
2289
11
5700
7008
5033
4492
6449
5458
5609
5033
5288
7008
699
3324
3038
3324
519
655
1833
2351
2451
2455
3529
4245
6353
6034
3324
3340
2270
4802
3340
6402
362
2289
6383
3340
2907
1893
4886
2911
2633
4492
303
1335
6353
1932
7008
5221
5001
4492
6353
2633
5033
7008
2911
1821
1965
1426
5001
2633
2911
3526
5001
6705
5001
1552
4904
5317
2243
6507
6093
4492
4492
3033
4492
2386
1204
1204
5280
5282
6416
1967
3033
5001
2768
5288
5033
4492
6402
5001
4038
3492
5280
1969
2633
4492
2911
6353
1673
1670
6093
5217
3356
5290
7015
5146
2964
6577
5876
4253
242
1715
3743
2422
7008
5033
4492
2137
6126
4866
6673
3966
6617
1507
2815
699
3350
2289
6495
5414
5326
5451
4437
5001
5458
2201
5512
6202
6093
2427
6093
4904
7018
7048
5001
5033
5001
2936
5532
3947
2984
4038
6165
7018
7048
799
5967
1751
5001
6353
794
5599
234
5585
3033
899
5589
5414
5326
54
576
672
1073
3138
3324
3576
3761
3966
4479
4681
6297
6848
5001
1130
7009
4492
2911
2633
1442
2243
3302
2633
7008
5787
3277
1047
6402
3138
2943
3324
3340
2433
4437
6612
5438
4116
5001
2943
960
2289
6205
4479
2243
2633
4492
5211
2911
5162
6093
4886
2727
3232
6033
7008
1909
5615
5280
5280
2243
6093
3304
1893
6093
3337
3324
3390
3839
3033
5288
4504
2907
4492
7008
2916
5280
1910
1190
4940
3023
7008
5033
5287
6353
672
4492
5288
5162
5033
6064
3033
1969
3432
4687
2243
5232
1977
3302
3877
2201
2202
3301
11
450
6177
4492
439
7051
4322
2659
4167
363
3324
6858
4512
2439
3943
3324
3324
267
3918
1442
2046
2243
3324
6166
4229
3224
3839
3351
3552
6471
1978
6519
3324
3223
4584
5660
6397
5664
6093
3345
3329
3449
2727
2728
7048
2724
6206
4904
5001
4492
5001
899
1318
2144
5001
5280
5001
5280
4687
2582
3324
4996
1321
4492
3802
3000
5001
3023
3324
3492
3340
899
2582
3033
3892
3033
1287
2627
576
2933
3324
3324
5702
3340
1978
1751
2243
4629
6353
4492
4933
7008
1928
3839
5585
1923
3156
3340
2858
5033
7048
1335
2243
5539
6836
1190
5693
4492
1442
3277
6353
3324
1593
3743
2270
7008
5033
3324
3340
4779
5001
5001
1650
1015
1859
609
2964
1190
7015
672
5384
850
3324
1507
5001
5844
5737
2455
2451
655
6836
1969
2582
6353
5001
5223
3224
1190
3275
1965
1424
6759
2582
5982
6723
5438
5221
2727
1424
1965
2858
3324
1848
7048
5591
2341
2243
4687
4904
699
2121
3324
4038
4535
5417
5876
3340
4059
3023
3277
6352
2332
6353
2243
3324
3492
6402
899
6402
3853
3255
2892
6227
11
3324
3943
6093
3492
4904
5766
11
5766
6093
2727
3304
3324
672
6155
5854
5539
3006
1442
5221
7003
5001
5162
3492
1204
6758
6093
6202
763
5001
5001
4779
3033
3839
2289
1267
7008
6353
6155
1528
3839
1527
7015
4715
3324
4492
2243
1965
5001
2270
5330
3341
3324
576
3504
1312
5793
5793
3324
3341
5527
1010
3324
3966
850
3385
1985
6596
6585
2727
4038
3324
5532
3324
850
3943
3492
3275
6858
6397
6708
6867
2243
1000
3492
3839
2099
3275
6708
6858
3340
1192
2828
3839
4741
3038
5793
4492
7008
2727
3128
5398
919
1015
3033
3492
4002
3662
1424
1965
2858
3038
303
5571
576
6402
3144
2582
4492
1413
7015
5162
2243
5876
5879
3138
1777
850
2933
3340
2433
3324
3760
3324
4038
2911
3255
847
6402
7015
6507
4474
166
4492
4383
657
2243
4821
899
2727
5219
2451
2455
655
54
6402
3340
1047
960
5001
6243
6737
850
2130
919
3324
2351
5105
3526
2632
2911
3038
3492
2351
3033
419
3033
419
3033
1848
6155
5001
3324
3340
2727
3340
2243
5876
4510
654
919
1190
1424
1965
2384
2858
2911
4492
4794
5162
5539
6025
3340
1893
3576
3324
3351
1969
2351
2907
4437
6915
6848
3324
5700
5221
3324
973
4904
5211
3341
5641
185
166
6059
2727
850
3033
3035
6848
6093
5162
2582
5693
811
4996
4492
1978
1217
1215
5876
2632
3526
2911
7015
1335
2625
4836
5876
2625
2911
5876
5876
2625
5876
2625
5876
2625
5288
1335
2625
5876
5221
5876
2243
5876
1469
1488
2386
2433
3313
5162
5882
5885
6565
5876
5876
5033
4836
5288
576
909
960
1632
2933
3829
5384
6470
5891
6470
3304
2727
6402
3324
5344
2509
899
3324
331
3640
6155
5279
3640
2509
4302
2727
3340
3324
1015
3623
54
2763
166
3910
2727
2384
2239
2243
3942
1593
3324
487
5827
5876
166
4410
4408
4996
6848
576
3839
1190
6353
4836
237
5162
3340
3839
3760
3713
1715
5700
5221
1287
3839
6402
5001
3033
5279
2243
3324
957
576
5162
899
6402
3324
2289
6402
3823
3571
1190
1442
2243
2386
3045
3324
3492
5162
6353
6402
4779
576
2509
3168
3390
1978
4474
3033
6836
1190
3004
3324
5001
1507
3966
1424
1965
919
3385
2017
5850
5850
2384
919
3038
1859
11
6433
2137
4492
5161
4940
1947
2727
1460
3340
6155
7048
3876
5357
4904
5525
3324
1965
1428
6488
731
5001
3545
3038
4741
5805
924
2702
5850
5982
4687
4289
2433
2727
899
3839
3324
3340
3039
6397
2289
3884
6402
3324
4996
899
2137
2433
3662
4530
4939
3023
3943
4794
5827
4731
3033
2243
5162
3996
6537
576
5280
3324
672
1442
2243
3324
4687
5693
5961
6577
3340
1047
6402
960
1378
2172
5585
3324
3341
2433
5973
847
850
2633
2911
3155
5001
899
3033
5001
3492
4534
2582
919
3968
6155
3340
3340
2351
2433
4493
1588
4304
2727
5287
2243
2633
2625
4492
6238
4257
1978
2428
3324
6402
6858
6402
4662
6617
3324
3033
2243
5161
1015
3033
3340
2289
3340
3033
3340
4358
6261
6106
5539
2727
1204
4233
362
774
2243
4996
4465
1620
6749
3037
3839
4631
6402
3324
6402
3178
1593
3324
3943
6402
1424
1965
3640
4038
2515
2243
2386
3492
7048
4492
5161
5001
3839
3324
2415
6032
6032
5302
2477
6402
3839
5539
5001
5591
1204
3839
924
2176
919
3839
899
4038
3275
2243
2386
1593
5693
5033
2911
2633
5001
5001
3275
4582
4687
3324
5876
5660
1969
212
6433
3340
185
4492
2582
5033
7008
6093
5438
3324
185
3033
3802
6202
1287
5585
4479
2933
6912
2527
6093
2420
6093
3324
7048
3033
3035
4996
4492
2243
1190
4492
2633
7008
237
5287
5148
2964
2727
6967
5700
4996
5876
2526
811
3340
6537
609
3324
391
3839
2243
4996
1442
5162
609
7008
5033
6093
5033
5287
4589
4059
2751
6848
6758
5774
6525
5033
5287
3855
3138
5162
3033
3839
6402
850
3324
899
3111
2270
2727
3340
6093
7048
7018
2793
3033
4426
919
5001
6166
1965
2858
3138
3943
3340
193
810
1190
1312
1335
1436
1442
1874
1875
1987
2243
2384
2633
2727
3255
5591
4864
4904
5766
6093
6352
6353
3340
3324
3224
4662
2203
5001
3943
4492
6353
6402
237
4430
2633
3277
654
2386
2243
5876
5223
7015
6294
576
4437
5230
7008
5033
6155
5221
3324
2270
1893
1015
391
3839
1343
4655
2243
5001
3324
6858
6705
5001
3340
3023
1588
3324
3406
5389
5001
5013
3340
2289
5867
3324
2243
5001
3743
6858
3390
899
2289
2386
2270
3199
1930
3324
3839
3910
11
3839
6705
4886
5344
6093
4904
6093
5001
3324
3304
6166
3302
1893
6140
3743
899
6050
3839
4904
6093
3340
6166
3839
6633
6155
1121
3839
6140
2858
1965
5211
4904
3623
11
1424
6157
5001
6155
1893
6016
5990
6760
1372
3302
576
810
1811
6914
3340
3324
1893
5001
3492
3340
1248
11
6525
6402
6093
6155
4904
2858
4864
1893
5221
3340
6353
5217
4996
2215
4106
899
3275
11
1978
5001
6402
899
3324
5280
2243
6093
2933
6093
3340
3077
1248
576
899
3943
3324
1015
4492
3324
5822
4904
1287
147
2428
3302
3304
6093
4904
3324
4038
672
5541
4904
3966
11
5357
3879
1965
2885
1378
4996
2632
2911
3340
3324
3076
6402
3156
6093
5211
5746
1965
5401
5439
3662
1773
6633
3839
3351
6166
6093
7008
6093
5221
1121
1893
3943
6166
3340
6093
166
4338
4492
3023
4866
2243
95
899
850
2386
3324
3390
3839
4830
5161
5693
4779
6093
1190
6166
4459
3351
3324
391
2674
3943
3340
6106
3324
3966
4479
6207
3942
6093
5867
5207
4921
1533
5072
156
5598
3255
2633
6939
6815
2911
2243
6212
2239
6093
5620
4996
2633
3073
2264
5211
6093
6673
5439
1620
6769
5221
101
4866
5525
3324
3394
6402
3943
5302
1874
4866
576
1507
1045
6402
2087
4867
3185
2243
1143
5162
4304
4337
5001
6093
6151
4465
3492
6093
1248
1969
3324
5217
899
6093
6106
1893
2964
899
6093
6402
6397
2992
3324
3033
4324
3839
2428
4655
5539
1204
799
6353
2046
1204
5539
5435
6353
1204
3385
3984
4492
147
919
6353
6402
6507
2433
4492
4835
2433
3255
5162
4304
5384
3839
4687
6749
3324
6710
3033
3340
3351
6166
6093
6397
6353
3324
6258
5654
5384
3839
3324
5539
6093
3324
2727
3304
3033
899
4492
6026
6402
6411
4492
7008
3839
2258
4038
3989
1978
6402
5735
1859
3340
6271
6537
4038
7015
1833
3324
4492
6353
1874
1875
512
5405
7015
1287
4295
4002
6093
4338
1424
1965
56
6402
3492
4820
2425
903
1896
1335
1190
1442
2243
3045
3345
4655
6283
6353
6577
4492
2207
5854
850
1507
3324
3356
3492
5221
5384
7015
7008
2243
5693
2386
4996
4719
4492
1442
5066
1436
4662
847
6397
4886
3223
1190
5001
3324
5279
4502
3910
3912
1685
6026
6529
6299
5876
1685
3910
6026
4996
1374
1833
5001
6858
3276
6703
4492
4726
4492
2243
7008
4866
680
1257
3277
3839
3324
2433
3324
6836
1847
54
2203
166
672
6402
423
5287
5876
5001
2907
6578
4504
1923
7048
1893
5439
3345
5973
3058
6353
3340
2289
5001
5287
6319
2911
2633
2911
6319
3304
5162
6093
6102
7048
2322
1967
3324
5417
1799
5019
5001
6705
899
3340
1893
4900
3324
4038
899
5001
4916
5001
4364
5287
6507
5001
6202
2933
6155
1248
6202
1121
166
2210
6442
4338
166
3324
5162
3324
3432
1978
3640
4662
147
847
850
855
1985
3324
3595
5001
7048
799
3304
6343
5280
5033
5287
3038
4038
3324
7018
7008
3033
3035
6853
5927
4681
2727
2633
5288
5033
6352
3277
7048
5670
2727
5287
2243
5162
4335
3340
3324
5001
2386
2243
2451
2430
4492
5693
2455
5232
1190
2938
6507
166
4218
1507
822
3033
6734
2289
4687
2351
7008
2727
1118
6381
4341
5401
2625
4665
4221
7015
4895
5549
3640
5439
822
3839
2433
439
3340
899
563
3968
6402
1418
3324
5919
166
4171
3324
2149
3324
3743
5221
3033
3035
6402
3943
3138
6402
4474
1937
6393
6402
5001
6402
6402
6402
1893
6093
7015
4533
5001
3324
3340
6155
6402
6353
4492
6402
6402
6393
6402
6402
6404
1532
6406
6402
2961
924
2582
7048
2952
2243
1190
2386
5439
2084
576
6402
1576
6297
6402
5001
3033
1965
7015
822
4479
3340
6421
6417
6421
3033
2627
6426
6426
7008
6426
2932
3324
5001
6426
2964
903
6426
6426
6402
5344
2582
6397
6397
121
2351
3324
1507
3098
3340
6126
2932
774
362
1535
6284
3255
6353
3294
3302
6155
6353
6537
2633
7023
5033
1335
3324
1848
1751
2542
6446
2264
2632
5288
2243
7048
1190
2633
2239
2386
3304
4059
1442
4996
5162
6573
6577
6976
7008
3340
3033
6449
3340
6449
3340
3324
6449
6449
3340
3340
6449
861
7008
5221
5870
1507
54
850
5867
3839
1121
924
3786
1413
541
5108
11
2727
3033
3324
3062
4768
451
1893
6848
3505
1847
5288
5033
6612
5001
3340
4245
2180
2727
2933
2932
4123
3033
3324
3966
2243
905
5439
4256
1969
4492
4655
3340
672
3160
5670
3324
5001
3223
4102
3948
6397
6402
2144
3277
1442
917
7003
7015
6397
3324
1507
7048
2317
2582
1875
6483
2632
5415
609
5288
5001
4996
3324
731
3324
5001
3038
6978
6525
5850
2341
4687
3839
3743
3033
4492
3324
3943
4589
5162
4492
6493
6093
5211
5288
5217
5033
3013
3014
2057
2058
6498
7048
7018
4358
4792
3013
3014
2057
2059
7048
7018
4792
2633
4105
7008
2911
5162
6353
4492
1965
166
567
1190
5001
6093
5906
1859
3989
6402
3386
5591
899
5532
553
7008
3138
2243
2409
5162
2433
2351
850
6353
3839
6025
3385
850
2243
1442
2386
5162
2727
5001
1190
2430
5435
6350
1958
2727
5693
3033
1287
5906
5512
4589
6217
6769
6534
40
3033
2243
4996
1965
7048
1893
147
2207
5005
6299
1685
3910
3912
5384
899
3943
3160
5001
5221
5670
6798
7048
4779
3302
3304
3294
1321
166
899
1287
5001
6410
576
1335
1078
6537
3839
4607
1753
6495
5973
1380
2093
3340
6617
3948
5001
3224
5001
6551
6551
6596
7008
330
3839
899
6705
3306
7048
5033
5288
3324
3340
2627
303
2633
6402
1978
3324
4038
4629
1978
5033
5287
237
2911
1442
5162
1442
6352
3045
1507
2526
4784
2948
6071
3033
9
3683
3684
2243
3033
3324
1896
6270
1015
3511
2243
2727
4492
3255
6585
3340
6402
3037
4038
4331
3839
576
2425
3033
4389
1424
1965
5161
6585
5462
5288
7018
7048
5162
5876
1204
7008
4383
5001
4726
5162
1893
6836
2351
919
2130
3968
1287
3535
3324
4607
6541
1753
2770
3385
3324
576
3033
1751
4038
166
4423
4383
5221
576
3839
3948
5973
6093
4904
2384
5211
5217
826
4996
2633
2911
5001
1442
6381
5591
5326
5414
3324
3340
2203
400
4298
6486
7008
3948
6617
1461
6617
3948
5973
3948
6617
7008
3948
6617
7008
3948
6617
7008
2846
3948
6617
3948
6617
565
5033
7008
5288
3839
3340
2314
2727
6402
4904
512
5211
5221
3651
5973
6617
2582
2351
2379
1893
1978
6644
919
5232
2451
654
2933
3095
5033
7008
6499
4492
4893
2451
2456
2137
1893
4996
5148
1335
4655
2451
7008
2911
2633
1442
1190
6499
4364
3385
850
4687
4262
3867
2341
3033
6093
6102
4996
576
6659
4996
6402
850
924
2633
5033
5288
2046
3127
5288
5033
6543
2633
672
1190
1507
1969
2582
4492
6402
5299
2243
1199
166
7008
5033
5162
1190
5001
11
4492
2243
3160
3154
4002
576
5439
850
4492
919
1190
2243
2384
2727
4996
5876
166
3340
6365
6682
1287
166
2149
3024
6682
1519
6915
7048
2243
5693
5162
1771
4687
4667
2386
4866
3595
3743
3492
2433
6093
3304
3324
4904
6155
3033
3492
5211
6093
7048
2243
5162
4492
3033
4108
2433
4996
2351
7015
4996
2137
2748
1715
3324
3351
6706
576
5001
3340
3076
3168
3492
6723
3839
6713
6963
4317
850
3171
2933
1477
3200
6719
6551
6550
1204
3252
1204
6551
4662
7048
7018
1477
6715
2933
3171
4317
3200
850
3640
3492
3966
6724
6723
6826
6798
1967
3324
3340
1965
3876
4779
7048
1287
1121
2341
1460
1711
5843
6551
6719
1204
6551
6552
1791
6608
3293
1965
2243
4492
5162
6719
1204
6551
6552
7048
7018
2864
6723
4792
2137
6719
1204
6551
6743
5347
6719
1204
6551
6552
1967
4534
6358
2938
1965
2270
5344
2243
6737
3324
362
774
1985
6848
6353
6202
6719
1204
6551
6552
1967
6719
1204
6551
6552
5286
5280
1204
6551
6719
6552
7048
6719
1204
6551
6552
3324
2582
4262
5161
6976
1507
6596
1833
5125
3760
3943
3255
6507
3839
7018
7048
3345
1015
3324
1190
5318
2964
2633
5033
3535
5906
1424
1965
4038
4794
2858
1442
6533
5001
2243
5162
2122
6397
7015
3033
3035
513
5287
1204
2633
2851
6402
2964
6353
3613
1965
1424
1958
4886
303
1335
6402
4167
1427
3324
3839
4779
5783
5161
3033
5001
4492
615
4253
4534
3385
5269
3324
909
6481
4341
3324
5539
1204
2243
2386
4492
3943
5001
237
1442
2243
3255
3304
5217
6093
5211
3304
6093
1969
3304
6093
1969
3304
6093
1969
6093
4904
2243
4492
5693
2243
4492
4687
4715
1833
3248
3359
6384
2341
3324
3683
1969
672
2964
7015
2231
3038
3324
2568
2582
6633
3839
3390
3324
3946
7008
4492
6708
5001
2911
1130
1965
4779
3340
3324
960
5310
6096
3839
3943
1190
3004
6353
5162
1965
4492
2137
3324
5543
2243
3324
1978
2386
1378
2172
5585
3324
6354
6798
5001
4866
1685
6026
3385
3033
4437
3640
3340
4038
3324
919
3160
6836
2322
3324
4257
3943
5439
4038
6778
7048
5670
6354
5221
2243
4794
4662
2386
4364
101
2243
4492
3304
2389
5287
2231
5415
1442
6093
3324
5221
3548
3324
4364
3033
3324
850
3492
6848
5221
5700
6848
6093
1969
7008
5280
1893
576
810
3324
1477
4037
6093
6353
6608
3255
3304
4492
7018
5693
1507
3033
7048
5033
5288
4589
919
1190
672
5384
6093
6836
3324
3966
1507
5001
6612
1969
5232
654
2582
3324
3839
1000
65
1121
6737
3033
5982
4904
54
1361
5620
2627
5287
3277
3033
2384
1939
3345
2582
2737
3033
5344
3324
6238
2239
3294
3302
3320
2793
4474
6093
1969
850
655
2243
1204
5539
1893
2428
130
1532
2451
2455
799
3304
4176
4296
4836
6853
2319
1893
1848
2105
5438
3492
5310
4162
5867
6353
6523
3385
1424
1965
4866
5439
1965
1424
4468
6093
6102
6350
3033
3035
6914
6913
919
7008
5033
5001
2243
4996
2386
2430
2243
2574
3111
3324
5001
5884
3302
5774
6758
5287
4278
5033
1879
3324
3324
4784
6579
1808
3033
3035
7008
7008
5288
2633
4492
919
2243
3255
4492
4996
6534
7048
6915
6914
3324
3839
6963
4492
6402
5288
4492
2239
3255
5288
7008
7008
5033
2911
5001
5066
2488
2911
6659
850
4996
3839
5417
2582
2137
202
3340
3324
4768
3033
1493
1811
3345
2582
1965
1424
5161
6402
3223
4162
3492
2633
2911
2633
6034
5001
2289
5118
2633
2911
6951
7008
2911
6353
5599
2633
5033
2633
2911
6093
5217
61
2149
166
5700
1233
2444
6915
6093
811
2433
2451
2455
899
655
5232
7008
6914
6206
2724
3324
4670
4996
5973
5001
4492
5162
5280
5876
4492
5162
2335
6974
2582
2243
1469
7048
2243
5162
3324
5161
4492
6983
6093
4904
5217
5211
3033
3035
872
5001
3324
4779
2633
2911
1442
6093
3876
5161
11
1893
5211
5217
822
6353
2582
2137
1015
5620
6353
6991
2582
5232
655
3033
6353
5001
4098
5280
6353
7015
2911
6854
2243
6297
6298
6299
3910
6026
1685
6542
3340
576
899
5401
2727
6848
3138
1685
3340
1190
3277
6353
2351
4474
2243
1763
2582
7004
5280
5280
5280
7006
5280
5001
7008
5033
4492
2727
2289
3324
6034
3340
4768
3033
2084
2582
6402
7048
5001
774
362
1965
2858
3378
7019
3552
4474
576
2633
5033
5287
4492
2911
6353
7018
4492
1965
2243
2386
3033
1969
5162
5221
2203
3070
2351
3576
7048
1751
1121
3839
3324
3853
6705
6687
1287
576
3324
5670
7036
6858
7036
3492
7036
3138
5033
5287
672
3492
6848
5001
5005
899
3324
5279
899
3341
1978
11
3033
2243
6426
6417
3601
1896
2907
4504
1967
1488
2926
