4278
7015
2633
7008
4
3168
3324
3966
4794
2582
4474
1023
3033
5221
5223
3324
4866
2
11
4492
3033
3683
3943
654
4802
3501
4421
7048
5001
1888
6020
1442
2243
4492
5532
7048
2094
2099
2582
3324
1969
204
3324
5326
5414
5591
7015
4792
6723
39
1480
2930
4866
4492
6353
7008
33
7048
5326
1848
3033
5746
811
4179
4278
37
2659
5124
5439
680
3595
5439
3324
850
3324
3943
5800
3324
3492
3943
5800
5001
899
3340
899
3340
3390
3839
6155
3033
88
5417
6402
924
2279
54
54
166
576
1442
2243
2727
3324
5162
5827
5876
6166
54
2933
3033
4996
54
5868
6093
6612
54
61
62
1248
6093
54
59
62
6093
54
62
810
6093
6093
54
56
166
4410
166
4534
6197
1519
3839
850
1442
1893
2964
54
6155
6914
237
1442
3255
6353
672
1978
3160
5670
672
909
3138
3242
3340
4290
5162
6353
56
2800
358
2146
3324
6402
2094
2099
2727
3340
899
3138
3549
4821
4820
101
850
2948
3324
3943
6166
3033
5162
3060
3033
3324
3340
6402
1708
3324
5001
6402
3033
3324
3340
3943
6792
6858
7015
3324
3996
6723
7008
6402
4038
2656
680
1190
3033
4492
4654
4866
5162
5401
5827
3704
5001
5162
6353
3324
5001
449
2351
2433
1493
2243
2633
2911
3255
4492
5161
5162
6353
2243
5854
6155
6202
6696
3942
4794
5532
2203
5221
672
672
1564
2843
3968
1121
3033
1969
5001
3023
5302
6034
6166
2243
7015
672
919
1848
5221
5700
611
3033
3324
3492
4619
6848
133
5221
6849
1817
5320
4262
5033
7008
3324
5215
1356
1969
2046
6353
2582
5221
147
2289
3324
6402
2243
3397
3760
4003
5914
899
3390
4057
4670
6964
6507
191
439
850
1272
1958
2701
3968
5221
5870
358
1715
2243
3324
4038
237
2633
3073
4492
5287
576
3138
3228
4794
2727
5287
826
2243
2263
3255
3304
3324
4468
4996
5162
5211
6093
6155
1424
1965
3340
5001
3033
3943
56
166
4383
2433
5827
3324
1010
3324
4492
5162
1627
1190
3255
2243
3255
3324
3492
5162
7008
672
1000
1684
2451
6798
166
4794
2207
850
1335
2582
3033
3324
4474
4492
4996
5161
5693
6093
6353
5033
7018
1287
3535
5779
3651
3968
7008
1204
1335
2633
3255
5033
5539
5876
1015
3252
1993
1995
3138
1909
2222
4655
5287
11
899
3138
3324
3340
3943
207
5326
5414
5591
5243
5326
5414
5591
207
5326
5414
5591
4933
5042
5187
5326
5414
5494
5591
1374
1424
1923
1965
2243
2386
2858
5161
672
2351
2727
3324
672
3138
4290
4492
3340
218
5280
218
218
2727
5700
5836
6836
2633
7008
1287
3033
3761
3839
4437
4474
5700
6612
3839
597
909
1732
1733
6250
1893
2433
3033
4768
4996
2582
5868
6202
2526
5001
1161
2243
235
2964
1442
3045
3324
1287
4534
3033
3943
850
924
1873
3839
3839
6708
3324
4474
1893
2711
3793
2243
4492
655
2455
4253
4655
1316
3096
3478
3743
5811
2633
5033
576
6402
4866
2526
4474
5288
2427
3033
5161
6093
157
354
617
672
1442
2433
3160
3324
5401
5434
4479
3093
7048
124
2911
5001
6798
6826
274
2422
615
303
903
1297
2911
5033
5287
6813
899
3839
4038
899
2582
3324
3966
5001
2243
5280
658
1627
847
2243
2727
2901
3341
4302
5162
3033
1442
1488
5693
5876
7018
576
3076
3839
3390
3839
11
4866
5001
331
899
1969
3324
3505
3966
6402
2243
2386
4821
5279
166
576
2084
899
1424
1445
1965
2727
3385
3910
4670
6633
5279
5588
3033
672
3554
4866
5280
6126
3743
3952
6155
6848
2641
312
362
774
1204
4492
5539
362
609
774
1204
1335
1786
5539
5809
6353
924
11
899
3839
5001
899
5279
5588
3640
3839
5299
5417
6703
899
4038
329
337
345
2451
2455
5232
6973
899
2433
3340
3343
3839
4278
5001
6353
899
3839
3340
1978
2258
3989
6652
419
3839
899
1507
1893
3390
3943
345
672
899
2524
6973
5001
331
563
1507
2351
2433
3324
3640
7015
3390
4528
4760
4821
899
5279
6402
11
329
345
1893
2335
4492
5620
6973
899
3033
3324
3390
4996
924
2351
3324
3640
899
1978
3033
899
3390
3839
1874
3824
899
6018
6402
899
3324
3839
6973
899
3138
3324
3341
3839
6858
3966
3324
899
919
3304
5868
6093
563
166
899
1266
1923
2149
3324
3640
4423
5001
1893
4510
5279
899
3839
4779
3324
1267
2243
5162
5876
6963
774
3033
3324
4038
2538
3138
3168
5766
646
2727
2763
3033
3340
672
872
1932
4956
4957
5439
11
1952
3111
3340
543
899
1593
2509
2768
3324
3385
2509
3324
3385
6297
5001
4492
5001
3839
2243
3839
4105
2243
5876
2727
3340
2243
5693
2243
3302
4474
4492
6238
6499
6679
699
1287
1978
2582
3324
3345
4459
4589
4996
5219
1608
3324
3341
264
6353
2243
4492
4655
4690
5116
5161
5693
3224
6778
1190
2911
2964
3313
4492
5162
7015
3324
899
1685
3839
3910
5287
6353
7008
5341
899
2880
3076
2727
4492
6353
166
2203
4426
4939
1593
6848
1934
1978
3160
3651
5670
5382
7048
899
5001
5005
1967
4904
6093
6354
7048
5001
3275
3492
6708
3839
672
924
3033
3839
6402
419
919
1932
3033
3324
3943
3033
3760
3839
5001
3506
3563
5001
6488
450
450
2289
3033
3340
2477
7008
5342
1874
1204
433
451
4492
5033
5288
433
451
2828
450
1965
237
1442
2633
2911
4836
1180
2531
450
2122
2289
4866
6673
4629
1341
1751
1978
4038
1650
1507
3839
2094
2096
2099
2751
6402
3345
3910
68
6915
3839
358
1015
3340
3839
1015
3340
3839
4687
474
358
1015
2186
3340
3839
4151
837
4956
6848
166
820
1847
2137
4123
4410
4474
5180
7015
512
1650
5973
1660
1708
2243
3255
3743
3750
3823
4492
5161
6402
3340
4492
5288
2289
3324
4479
6270
1190
1436
1442
2633
5033
6353
7008
11
2122
2243
3324
3406
3966
4629
4866
4904
4905
5161
5439
6093
3341
6032
7008
121
850
1507
5221
5693
5906
2243
576
3324
5438
6612
1893
2727
3324
4364
6026
6848
850
1259
3324
5221
5870
6507
6612
919
1248
2933
3324
5221
6507
6612
5001
2212
2984
3044
4904
5211
5217
5620
5621
6093
1296
3385
586
899
3673
4830
512
1341
1000
1303
6402
1893
3324
5484
3910
1833
1957
1989
3324
4779
5585
6596
6848
1685
3910
6299
3138
202
3138
3324
3800
5001
1335
5001
1090
3324
1965
2243
2858
6384
5033
5287
2768
3076
5384
5484
6402
1450
124
3038
3324
5793
6034
166
1015
2149
3839
4038
4410
4423
6682
3839
899
2046
4492
2243
5162
3212
3223
237
1094
1650
3345
5439
3839
4038
3324
3839
514
2727
3340
1339
2484
5280
237
2633
2911
4492
5161
6353
7008
3033
3839
4038
4123
5215
5302
2727
7008
3324
572
1965
2858
6353
2176
3224
576
576
1015
1442
2243
2433
2838
4741
3324
3576
3324
1874
576
4492
899
1917
3324
3839
4821
4866
5183
2146
3138
3340
3876
166
6053
237
1335
1442
2632
2633
2911
6353
5221
5700
611
2433
3138
1296
1763
2387
2389
2964
3662
3996
5318
7015
3548
4162
5221
6914
2735
1424
1965
2243
3324
3743
5033
6350
7008
4636
11
5001
5162
5543
1978
237
2243
2911
5473
1442
4492
4687
6353
6577
899
576
2094
3397
3713
3760
3839
1507
3033
313
3324
4492
4670
6402
1660
6402
4779
4794
6858
1892
2879
6025
2122
5439
572
573
7018
7048
576
899
1685
3340
3910
5401
6026
6181
6298
6299
6542
6996
899
3340
37
899
2243
4492
4824
5279
2659
3340
1510
1588
2122
3365
3406
3884
5344
5001
1287
5417
2477
3324
3743
2289
3033
3603
4343
4349
6402
6556
2727
4257
4680
1500
5670
6723
6798
3138
3340
3505
3839
4866
3324
1121
1627
207
3324
3345
5187
5326
5414
5591
2289
3340
3365
3492
3839
6093
2727
3033
3324
3340
4179
2351
3077
672
2520
1015
1715
1859
2727
3340
4751
5867
166
3324
3839
1287
1952
2243
3304
5162
5211
5876
6093
6397
3324
3324
3492
3966
4290
4794
674
899
3324
5001
6093
6106
6166
6703
5868
6093
899
3324
5001
6106
6703
202
1751
3138
3324
6402
576
3033
4262
1015
601
672
1965
2243
3033
3943
4492
5162
680
699
1335
2243
2386
3033
4278
4492
5318
5700
5827
5982
6853
7005
1893
4097
1967
2582
2864
6596
3324
358
4123
576
2243
54
166
1507
1847
2203
2661
3505
3943
4905
6848
4038
514
2238
2727
7008
2727
4939
5283
2084
576
1190
1965
2243
2289
5033
5287
5347
5591
6353
7008
7023
4662
3324
3333
3966
4038
1848
1893
4304
5001
5005
5384
1248
1958
2727
4662
850
5001
2137
3943
3324
6402
3947
3324
3839
4532
4687
4821
5279
1323
4492
4877
5001
5162
6297
514
1442
2633
4278
7009
2984
3033
3324
3839
4492
4532
4687
5001
5850
847
919
1000
3111
3324
2727
3324
3839
1267
3324
4886
5326
5414
2351
3535
924
3033
3333
3943
4866
2288
3351
5670
3324
3743
6026
2727
6032
4877
6708
5384
11
2582
3033
3324
3760
3943
6402
6858
973
5001
5326
5414
37
3033
3340
5162
6297
6471
6768
7048
1445
514
5033
822
1507
3023
3324
3385
3966
4304
4479
5384
5439
6071
780
3324
4479
2243
3077
4479
4492
4779
4996
5162
4492
5221
514
3223
3340
5973
1893
2926
4479
3160
3324
4176
4699
4794
5191
5384
5876
5906
2992
3324
101
5001
3324
31
1442
2243
2582
4836
5693
6353
6920
2243
1190
1442
2633
2137
2465
2933
5700
2727
3324
3743
3839
4038
4289
5001
2243
2727
5162
5320
919
2300
5867
810
811
576
3324
576
80
1204
2484
5232
5539
6352
2243
3160
5670
6397
166
2137
4423
6337
5001
3324
822
4492
2243
3033
4492
4821
5001
5162
822
1507
1507
2243
4121
6034
5001
2243
4492
4904
5162
5693
6093
218
1190
2727
3121
4492
5532
2243
3255
4996
5033
5162
5693
5787
7008
2212
2243
5162
699
4308
5001
3223
1715
2243
2386
3138
3255
3800
5161
3839
2851
3138
3324
3943
4108
4608
5876
6353
5001
3340
850
1507
1507
4492
5162
5219
5232
850
3324
3138
75
1978
3160
3610
4459
5670
54
850
1507
3324
4820
5221
3839
5001
1777
4492
4936
3324
3385
3743
3839
6633
6705
5001
1015
1507
2243
2828
5001
543
1965
2858
3385
822
850
822
850
5001
955
6402
799
1893
3877
4904
6093
1594
1627
3324
4474
5221
5870
6507
6612
5827
3385
5302
889
3385
3568
6402
237
4836
5001
5113
5730
166
899
3033
3340
4383
3390
4794
6126
1000
2433
6848
3033
899
3038
5514
2243
4492
4655
5162
5693
6806
1000
2433
3168
3966
3651
3760
3839
6402
3390
1287
1848
3324
3340
6106
543
919
3324
3324
2582
3803
4589
6093
4504
5288
7008
850
861
2137
2727
3033
3340
7008
2137
2484
3033
3035
4162
6353
3324
6798
166
2243
2386
4383
5161
850
873
1985
5221
6848
576
5401
3340
1673
2137
2480
2582
6037
6402
7015
7008
2851
1708
3033
5347
5001
403
576
2341
2582
3223
3324
3978
4687
576
2243
5384
5693
4038
3324
331
1632
5384
6526
4038
6402
2659
3324
5001
6402
6297
6402
4038
5417
1715
3839
5001
2243
2964
3313
4492
7015
680
1507
2243
4866
2318
101
861
973
2433
3324
4662
5221
4864
5217
6093
6137
553
899
2433
3839
6723
2203
4492
5001
5161
5344
6402
3033
6612
166
850
2149
3324
4423
1593
1893
2207
3324
4474
6294
2243
2318
5162
2433
2727
4132
1442
2243
2932
5162
6353
3156
4038
5001
6106
1893
3302
3324
3839
65
2422
3033
3340
3839
4682
6271
1000
3839
6705
6868
3324
6867
3337
6297
6525
2830
2727
850
5439
4474
5280
7008
166
1015
1751
2189
3947
4038
4383
850
576
924
1346
2146
3839
1023
1588
3023
3340
5001
5330
657
7015
5836
3943
4687
2156
3324
2243
5876
202
1035
2243
2250
2386
3839
4304
5876
7005
2289
4779
5223
6915
7018
514
2633
5033
5287
3324
3744
5670
1751
1978
4038
3340
3610
4525
1078
1296
2625
2633
2911
5179
576
1121
1447
3324
4002
2289
2291
3023
3324
2243
2430
4492
3340
4631
6402
3340
6402
6592
391
3340
3943
6402
3340
5001
6402
6402
6402
6402
6402
3439
5344
6402
3943
449
899
2243
3340
3537
3943
5162
6297
6768
3839
4492
2146
3033
3095
4631
6649
4794
5001
3324
1715
2582
576
2633
2911
3839
4904
6093
3433
1978
4145
1296
4792
5001
5033
7008
7018
7048
3340
5223
2212
2727
799
5033
101
2433
3870
6402
932
1090
1335
2243
2884
3324
3340
3760
5280
7015
3324
1893
3340
4465
4589
6724
880
3340
6402
6402
880
576
4002
4794
5221
1130
2633
2911
3255
3876
4904
6093
6353
672
5284
1000
2985
3015
3557
5850
6723
3312
6297
6402
3324
3492
3640
3662
6025
3304
6093
3839
3839
6093
1751
3290
3324
3340
4038
4904
5211
6093
3324
3340
4101
1118
3248
4687
5876
5877
3033
5162
1125
4162
3390
3839
3023
880
6402
3168
5326
5414
1863
2203
2509
2984
3548
4697
5221
2243
5162
1190
5401
2932
3340
1519
6915
3033
5384
2727
3340
2727
3340
3033
3324
3337
4364
2768
6353
1848
2180
4474
1015
1965
2379
3043
3324
4866
303
2627
4504
5693
396
5001
4492
5287
6939
3033
3035
2243
624
2017
3033
2911
6815
5635
3340
4779
5223
5344
1287
5116
5844
672
1564
2137
3033
3324
3966
4670
5982
7015
166
667
1287
1751
2149
3345
4426
5033
2351
4532
1874
2057
5415
2582
5876
6353
1190
1442
237
1204
302
2428
3313
5033
5288
7008
3255
4492
5033
5162
7008
1442
3045
3277
4836
5307
799
5162
4836
1248
2351
2433
1190
7017
95
3033
3168
3337
5326
5414
7015
2998
6848
576
2674
3839
2451
5347
1201
1859
3033
3535
5741
6710
1121
5001
6155
1204
5287
5539
6353
5001
850
4479
4162
2727
1410
2727
3340
3033
3035
899
576
3324
6166
899
1215
3033
5279
2243
2936
4492
5162
6480
3160
822
3324
5001
5384
54
166
1287
2633
2911
1969
7008
1715
4167
3813
5162
6353
7003
7008
3743
3839
672
1507
1564
1969
2243
2889
3324
3760
4492
5280
5693
1235
2829
5280
1235
1235
2341
2829
2948
3827
4687
1235
2582
2884
3304
4106
5211
5693
6093
6804
1235
1235
6033
6617
1552
1346
2727
3910
5001
1263
3324
1978
2036
3610
5850
6848
1296
4492
5591
576
894
1967
2037
3492
4850
5033
6354
3277
6939
1257
5001
2130
5836
1442
5161
2571
3839
3324
3324
3966
5532
11
811
5221
919
2203
2243
3033
3324
4002
5001
5484
5982
6493
7015
2231
2243
4492
4655
5162
5693
576
1969
3290
3839
5001
1920
3033
3191
847
850
924
3324
3324
3340
6126
1978
1287
5384
1440
226
3033
3324
1335
1712
2633
2911
3433
5033
5549
6939
5287
2243
2243
3839
5919
799
6297
11
3324
576
3340
4038
5867
2627
5549
672
2351
2933
2433
1318
1318
3096
3324
3640
5215
1317
1318
5221
3365
4341
6273
1859
2727
2144
4646
5417
643
1287
1290
5058
5417
5867
2243
4904
5211
6297
2727
3340
5700
2404
3552
4341
3138
3248
4341
4474
3304
6155
6166
2727
5001
4779
657
5221
1978
3351
5221
850
1348
5001
166
5532
5532
3324
4492
5532
5585
680
2046
3340
3341
3492
3839
4038
6093
4904
6093
2203
2727
3716
672
4607
1335
2633
2911
4836
5876
6353
6402
166
5850
6284
6440
1374
1377
1379
1382
1383
1384
3324
4878
6284
6440
1374
1377
1382
3839
5843
1374
5585
1374
1377
5850
6284
2093
3340
1374
1833
1883
5843
1374
1377
1382
5843
6284
5211
6093
1287
1952
5217
6093
699
2212
2933
4794
166
1287
6365
2243
4741
5001
5876
2289
850
5010
6155
6202
2674
3492
3943
4768
6935
2936
576
3324
6034
3943
3324
3640
3324
3340
3854
4479
5384
901
2243
6708
3275
3324
3340
3839
3033
4792
7018
7048
512
5001
5020
3770
5001
5532
2727
3340
1424
1965
2351
3340
3033
4038
3324
3340
6402
6353
924
974
3324
6836
101
1316
1418
2017
3096
5525
1965
2858
799
2137
2727
1965
2858
1965
2858
1965
5488
1965
2858
4441
5361
3033
3839
1965
2858
157
3340
3820
1790
3277
1442
2243
2386
2430
973
3324
3340
4038
1335
2727
5793
474
786
1308
1507
3760
4589
4751
4907
5876
5906
6155
1335
2318
3033
3340
3345
4504
5591
6352
6353
7008
237
1204
3045
3277
4836
5001
850
4162
1335
2633
2911
3277
5260
3324
3943
6402
1963
3324
672
2433
3324
3760
4474
5693
1450
3324
5405
3942
6402
4492
5876
672
837
1473
3492
3760
3839
4375
5778
358
5843
6550
6551
2243
5001
5693
2243
3492
3716
3943
6297
3492
4864
5217
6093
6155
3492
3716
5868
6202
1527
4331
5001
5439
5441
6402
2727
4580
2625
2627
3277
2144
4646
67
274
2422
4161
4162
4779
5221
157
2243
2386
4655
6402
4662
699
1477
1932
2243
3651
4662
5162
1874
3033
3340
3341
6836
3839
4474
6963
2243
2933
3313
5162
5876
5033
7008
2627
3277
7048
7048
2238
1893
2651
2793
3304
4904
5211
5217
5867
6093
6106
6640
7018
6507
6612
3221
672
3160
7048
940
2243
5876
6283
6402
699
1023
2243
2386
3324
2243
3942
4492
5161
6402
3650
822
3651
1893
2243
2926
2933
3160
3662
3996
4779
6071
6106
6556
6723
4470
6518
2
3096
3324
3640
4479
672
3943
303
2243
2964
3313
5162
5693
7015
899
1424
1965
3324
4863
5279
6353
654
4474
3943
2727
11
1643
2582
4492
5822
3324
1529
6155
6202
1848
2137
2907
3324
5033
6352
6518
6608
7008
788
3324
237
1442
2633
2911
3073
3255
4492
6939
2243
4256
4904
5162
5211
5297
6053
6093
1267
4109
6640
7008
1287
1311
5417
5867
1287
6330
3324
54
59
62
166
493
1361
1532
2084
2122
3304
4866
4904
5344
6093
6155
7008
5271
6812
5001
6159
5280
5287
5290
2203
3223
3324
6856
1190
1015
3324
1552
5001
2727
3224
1190
3585
3025
3324
3839
5221
1507
6963
457
1558
2688
5221
1624
5417
917
5068
5162
5591
6093
202
1190
2243
3304
3324
3432
6353
1424
1442
1965
2427
3340
6093
6577
6914
672
1969
2243
3038
3039
3966
5876
6397
919
3033
3138
3966
6858
2243
1804
2243
3324
6723
6749
6798
7018
7048
37
576
899
6026
1188
1893
3255
6402
474
1574
3255
6402
3033
3492
4492
7008
7018
7048
822
4794
899
3324
3743
5001
899
2433
3033
1130
2633
2911
3023
1589
3324
3324
7048
899
1335
2943
3033
3035
3168
7005
6402
850
1777
2409
2515
3324
6402
7015
3304
3640
3688
4996
6093
899
1287
2518
4534
3324
3839
1604
3324
3385
3324
1893
3168
363
899
3033
3324
4492
5221
1190
1442
2243
3045
3277
6577
4670
5001
861
1510
2341
3111
5867
5161
2933
3033
3839
3324
3340
5401
4794
3839
2137
3324
3910
6026
6353
899
576
3033
2633
2911
4492
54
1888
2137
3532
4904
5591
6093
6187
1361
4904
5280
2582
4996
6836
1424
1965
4479
1777
3324
4956
5817
1424
1507
1965
2122
2947
3966
4866
799
1642
799
1643
1642
1642
2289
54
5064
5876
3324
3324
4474
3324
5001
899
1670
5693
5867
1969
3324
3966
6402
1287
2243
5162
3324
1287
1424
3912
6529
6402
6669
6687
3947
4589
1588
2829
3027
3340
6402
672
3033
6751
3038
6353
4768
6297
576
3033
4201
3033
2243
3160
6471
6723
6798
899
3223
3340
3910
5384
6299
6708
1685
3910
6299
1685
3910
6299
1685
3910
6299
3033
3324
3340
1859
3640
5438
1015
6416
2727
4245
7008
734
2243
2386
5001
5162
7024
2582
3033
2289
3324
5001
2582
7015
6155
1893
3294
3302
5221
3839
512
1874
3033
6402
4492
6577
1460
5843
6550
6551
6353
7048
3324
576
7018
7048
2422
3324
6126
166
2149
5827
6353
6499
166
2243
3277
3340
3839
4423
4492
5001
5162
6577
6848
899
1715
4257
5001
1733
6250
6250
3023
3884
6151
6202
2911
3340
6093
6106
157
6858
166
1934
3337
3385
3662
4364
5280
3365
4779
576
3324
3340
3340
6126
4607
166
1287
1248
5217
6093
6166
1967
3313
6353
4038
4123
5324
1764
5578
5280
1978
672
1372
3157
2451
2456
672
2243
3138
3324
3340
3492
1335
1965
2243
2896
4492
5161
3324
5299
3324
3839
54
7015
672
850
1593
1931
3033
3076
3324
5700
3760
3966
3033
1777
5876
5033
5288
1094
1588
2289
3324
3640
5735
6124
362
5215
6608
2943
4234
4389
4629
3839
3640
3340
1318
2727
5811
826
1190
2243
3000
3324
4492
5288
5693
3033
3038
3324
3545
3839
5793
3943
1833
6585
6596
1833
1963
6585
6596
1532
1632
1833
1957
3324
3827
5384
6025
6585
6596
7048
5001
2727
3033
3324
3340
3340
5001
3324
3839
4916
5001
3345
5384
1632
1817
237
4320
5001
3345
3033
3683
3684
3345
303
654
2943
3763
3535
6596
2304
3033
3324
2425
3324
6271
6585
6596
1888
4279
5417
5001
5005
1833
6585
6596
2727
6353
2243
5001
924
2289
3324
1833
1871
1963
2727
5001
1833
1957
6585
6596
54
166
2203
6848
3340
1978
5001
1965
3341
3839
4038
1848
1848
3324
3492
5439
3324
3340
3365
3492
7048
4038
4877
5001
3390
1848
3683
5001
4850
5033
3023
5344
2984
3548
5221
1335
3277
3340
5001
3195
1190
1296
2727
4904
5033
5211
5217
6059
6093
5033
5288
2207
3294
3302
4643
6093
1833
1963
6585
6596
1841
3340
3839
6633
1833
1883
2035
6585
6596
512
512
1821
1874
4820
6612
1833
6585
6596
95
3252
3839
4038
2137
2243
2351
4996
5162
2792
2961
3324
4360
6402
2879
5001
3302
6106
4996
5221
3324
7015
1204
1896
5539
6585
6596
4792
6749
7018
7048
2243
5033
5162
5693
4779
2289
3023
3340
3943
5844
4038
5750
7048
1588
3324
6612
2727
5005
576
586
3324
576
2243
3324
4492
655
2451
2455
5232
6612
414
3033
3076
3252
1920
2633
5288
6353
6402
3033
5585
3324
5001
2727
3033
3324
3340
3033
3651
58
1593
1949
3324
3385
3587
3640
4038
6297
3033
3651
3966
3943
1287
3758
3839
6402
3324
7048
783
1507
5001
6076
2351
5876
1311
2964
4235
6939
2727
5162
6093
924
5001
699
1967
6723
899
1287
3324
3535
5417
1121
1833
3839
6025
6585
6596
1833
1883
6585
6596
5221
1833
6585
6596
6848
903
2858
2724
3324
5673
919
1993
3966
5001
6585
6723
7048
1967
924
2176
6507
6612
2243
2386
2947
5001
5221
2596
3839
5660
4110
3324
5384
3302
5868
6093
822
850
1341
1934
2932
3324
3385
3839
4588
5384
6691
5982
6566
1807
1833
1845
2932
3324
4779
5223
5356
5384
5532
5557
5973
6585
6596
1756
1951
1967
3160
6723
1610
4038
2724
5673
5700
6206
6963
11
2056
2057
4792
6585
3340
4038
6402
576
3324
6393
6402
363
576
1608
5660
4779
5223
6596
1015
5484
657
722
1015
3324
1593
5985
6848
3324
3839
1833
3160
3492
3966
4528
6585
6596
1958
2231
2243
3839
449
1190
1442
1777
1811
4492
2582
3552
4629
5001
6353
624
1418
2727
5700
5850
2017
4253
5341
1978
3160
3507
3552
3662
826
919
5221
6093
680
2428
2581
1335
1650
4866
5614
3340
5001
3345
4162
5591
5693
6353
2998
5221
1969
2243
2386
3038
4492
5162
5693
6507
3033
3340
1833
6585
6596
7048
919
1848
1967
3324
4304
4850
5744
5001
6034
222
1335
2633
2911
3277
4933
5029
5135
5456
5488
6617
6939
7009
5001
850
2582
1848
5001
3813
1588
1848
3324
1507
3033
3324
3839
4815
6353
1848
1833
6585
6596
6798
3324
3492
3839
2896
2181
3013
2059
3013
2057
3013
3014
5346
2059
5585
2302
3130
2064
5409
5410
1267
2064
3779
1143
3492
5001
672
5670
6354
7048
2727
3324
2243
5162
5280
5876
7005
7006
1965
2858
2075
4687
2484
3345
5326
1267
2156
1965
3340
3365
3365
166
672
1158
2933
3033
3035
3324
3492
4866
5439
1978
3324
3351
6353
924
2433
2751
2916
3224
3340
2097
2099
3324
3943
6402
2094
2099
3492
3966
5439
2094
2099
6402
2099
2103
5438
3324
2094
2099
3966
2094
6402
2094
2099
3492
6106
2094
2099
2094
2099
7048
3138
3340
2933
3033
3492
1965
3406
2110
2243
5162
2633
2911
5001
4167
4534
576
1121
2659
3004
4038
6397
3033
6402
2122
3033
4492
5161
5539
3340
850
419
672
1978
2207
3160
3943
5670
6093
5001
5020
1965
5591
6093
2433
1777
4492
6600
11
919
2203
2386
2422
3689
4162
5221
2727
3340
4904
6093
4492
4904
5001
5162
6848
3340
2144
3324
3341
3943
166
1287
1335
3324
3839
6365
1190
3324
3743
4492
899
2727
3440
7008
5280
2155
3324
1923
2926
1424
1442
1965
2243
1442
2633
2911
1190
2633
3277
6353
6617
514
3199
3324
306
1893
4864
1015
1859
3199
1378
5585
576
2727
822
850
6402
924
2137
2433
3324
3839
5482
2320
4474
5001
3839
6025
2933
2727
3324
3340
586
1424
1965
2943
3033
3340
4779
5001
5401
54
3324
3340
3839
1311
3505
4484
4794
672
4682
3294
3302
899
6093
2633
5001
3324
3340
4864
2633
2911
3277
3304
5211
5217
6093
6815
767
3302
1893
5458
6202
3275
166
2149
2907
4423
5221
5287
850
2201
5195
5458
5512
3324
4864
6093
6202
2207
6093
984
3160
3942
3943
4794
4864
5384
6093
826
2212
3304
5217
6093
6093
1893
2156
2422
2427
3111
3324
3537
4492
5854
6093
6518
1847
1893
2213
2422
3111
3537
6093
6294
11
3340
4038
4904
6093
4904
5211
6353
7048
2933
4794
5217
5221
5384
6166
6202
514
2243
5001
6353
2433
3385
2300
5287
4256
7048
2243
3340
6858
1873
1883
5532
5968
6271
6585
6596
147
2212
2243
4492
4904
4905
5033
5211
5217
6093
6353
2243
2430
4492
5161
6353
2243
3324
5221
6612
2243
2727
4492
5162
2243
2727
1335
2212
2243
2907
3301
4492
4504
4655
5162
5226
5287
5693
1442
2231
2243
6577
2433
3023
3839
2243
4492
5162
1335
2430
3324
4492
4655
5162
5693
2243
4867
5162
6402
2243
2243
3304
4504
2243
4492
4655
5693
6353
2243
2243
2430
3324
4492
4531
4655
5162
5693
6093
919
2243
4655
5693
237
1442
2625
2911
3045
3277
5876
11
3876
5326
5414
5591
6297
2351
4038
3324
3038
4741
3304
3324
4996
5217
6093
237
1442
2633
2911
2964
3277
5318
2243
2907
3182
4370
6578
3033
5161
2932
5001
5827
3324
5001
850
2274
1624
5001
3340
3839
6708
11
3324
3537
1965
3340
2289
6402
2291
3839
5280
2289
3324
3884
1978
3160
3324
5670
3365
6402
6034
6449
903
5670
7048
6402
1015
3839
303
2633
2911
3277
3526
5001
932
2884
3324
3340
3760
3839
4535
5280
2351
3324
11
1973
2582
2624
2964
3033
3277
5001
5670
3275
3537
1978
3351
3610
3743
4474
6705
2137
3324
837
5001
97
358
3942
6242
3324
3340
3966
4808
5125
7008
3223
2933
2346
3835
2109
6936
1817
1883
2633
2911
4836
7003
7008
740
1442
2243
5288
2232
2243
3324
3340
3839
3943
4779
300
919
3033
3324
6836
1318
1620
2981
3324
4289
4680
4877
5001
5215
2984
3023
4167
4877
5700
6238
1848
1853
3324
6106
3033
3096
75
699
2137
2433
2933
5439
1965
2243
2851
4492
4492
5033
1893
3340
3340
4038
5001
166
5827
2289
5694
1361
2379
2727
166
850
2442
2451
2455
3324
5221
5232
2641
6446
7008
672
2243
2386
4492
4996
5162
2727
2270
2289
3340
3839
5001
7008
1777
2243
5693
5700
166
5221
6034
6093
3340
4904
6093
2727
3340
5001
2379
1190
1978
2243
2582
3033
3035
5344
6402
2582
6392
6402
5217
6093
2388
2389
2430
5288
7008
6155
2364
2379
2727
7008
3324
3492
4479
5382
5384
5484
166
850
2304
2727
4779
3324
5001
5005
5162
3340
3839
5001
6106
835
3340
3839
3340
3324
3548
5221
586
6402
3324
2414
3033
2243
4492
5585
6353
7015
2243
3324
5001
5484
2582
3390
3839
576
3492
3839
4038
1442
5599
6353
185
1361
2427
4468
4492
4904
5211
5499
6093
960
1507
2144
2146
3340
2433
2425
1958
3033
6093
6102
7048
4655
6402
2628
3027
4779
6402
5033
5288
5438
6612
4589
5001
6365
3324
4001
4639
5549
166
6848
5001
1233
3324
3340
3492
1047
2146
3138
3324
3340
1335
2452
3433
5232
1335
2452
3433
655
2451
5232
1335
2451
1424
1965
2212
2289
6093
6189
3304
5384
6093
6384
1893
3023
3537
3943
5001
5033
5287
6297
5001
6915
1000
4038
2222
6402
1180
2154
3324
3492
6032
6384
2477
6402
5344
3910
166
2484
3505
1335
4492
5439
5001
5001
5162
331
1978
3490
6045
3839
1424
1965
3340
202
3340
1833
3302
3324
1507
3324
3324
4904
5033
5211
6093
7008
7048
2289
3121
3324
5694
1965
2289
2858
3324
3324
4687
5572
226
2933
2984
3168
3839
1811
5280
899
3304
5033
5287
6093
672
3324
1685
3030
3910
6026
3324
3351
3033
3324
6826
3033
2404
3033
5221
1893
2270
2727
3839
2532
3324
3340
3324
3340
1287
11
919
2386
2582
3033
3035
3076
3760
4996
5162
5341
5876
6836
1607
1893
6155
1000
3351
3639
3640
4253
6858
899
2243
3340
3367
3839
5217
6705
7015
54
2433
514
5033
5356
6507
7008
2433
3966
1810
1405
1958
1965
2243
4492
4662
7018
7048
1248
1893
2984
3340
5217
6155
3340
5221
1848
2843
3340
166
1287
2189
4423
6365
822
1777
2243
2571
226
2582
6353
4939
5280
7008
2907
4492
4504
4996
2243
3324
3340
3492
4492
5162
5310
899
3324
22
850
1969
1978
2243
2386
2430
3033
3035
3966
4655
5439
5693
6402
3324
3839
4779
1346
3390
166
3324
6297
6402
2633
6353
7008
6600
166
5221
5700
1287
3436
5232
3505
5223
1015
2751
3033
576
1015
3324
3839
4038
3770
4253
2046
3277
3324
3341
4904
5211
5417
5906
6093
899
3839
5001
6034
899
3033
3324
3390
385
2633
7008
2964
3277
6353
1335
4820
2625
2911
7023
1967
3340
6126
670
4474
4522
1287
3743
5001
1130
1335
2911
3526
4836
6353
2727
3033
3324
3340
2433
5001
5221
6537
3390
3839
2641
6518
4534
6915
39
262
1507
1958
2156
2189
2289
2930
3965
3966
3968
4680
4779
4866
5148
5316
5401
5427
5439
6072
6485
850
899
617
1312
1442
2379
3277
3966
4492
5279
6353
4034
2655
7018
7048
3535
3943
2582
3033
3096
6093
7048
268
1507
2427
6093
7018
7048
11
275
1121
3839
985
1287
1594
3033
3035
6433
1811
2203
2984
3324
5001
5221
166
5591
672
3324
3743
899
1965
3390
586
4726
1190
2243
1442
5162
6353
3743
5001
672
3223
3242
3324
3761
4234
1248
1893
5217
6093
6166
874
1267
5001
218
3324
3340
5405
7018
7048
2455
4830
2685
4218
5001
1817
3492
3138
5001
774
5001
2933
5850
3033
1965
6402
5001
850
3324
576
2916
3839
4779
699
2137
2351
2433
3033
3839
6397
2704
3839
3324
3341
147
648
1015
1480
2243
3033
2433
5532
6402
6848
7008
3839
899
3324
5299
5401
2243
5162
5449
5876
1424
1965
5401
899
2477
3324
6206
960
3033
514
2828
3277
3340
3963
2727
3351
834
3255
4308
7048
1194
1255
1967
4850
6402
551
2907
4504
2633
2907
4504
5033
3839
3966
799
2137
2488
2582
5405
7005
2768
3223
3986
6633
680
1123
2122
2289
3365
4479
5035
5162
5248
5439
1767
3340
5001
7015
2633
4504
5287
6353
4364
2243
5670
6402
1978
3138
4038
3033
3138
3340
3038
3324
2243
11
5121
3248
3340
6093
6166
1753
4607
1287
3033
3943
268
1715
2427
3324
3839
6093
268
2427
2776
6155
6162
6402
2727
2962
2964
3839
5033
5876
3324
6612
2433
2727
3910
1442
2633
2911
11
202
2243
799
1194
262
4866
3324
3963
3602
4360
6402
3351
218
2122
5489
7015
3351
3552
5844
2176
3966
4996
1969
2243
2582
3432
4492
5161
2289
3365
1507
3943
4123
6402
1899
6353
3943
2142
4904
6093
4504
5280
3324
3340
3943
822
3324
3966
4631
5439
6402
166
919
7008
5001
2146
3324
3966
6402
3324
3507
3552
4731
2727
3492
2827
4589
5033
5781
5906
6353
7008
4589
5033
5781
5906
6353
7008
3340
3223
3248
5982
3033
3662
400
1118
3248
5876
5877
3033
5700
2289
3340
4741
3277
3966
4492
5001
3492
2933
811
924
1874
2843
7015
850
6848
2057
5001
3968
973
3340
899
1888
5588
6353
1817
166
183
2149
2433
3324
4253
6858
4779
4877
4534
5001
2858
2858
2582
3492
576
3329
4821
1978
2314
3160
4492
3340
75
3160
5670
1978
3324
6708
4407
5001
5162
1015
5001
847
899
3033
5279
1424
3138
4492
5001
3864
5287
2433
919
1965
2351
4474
2144
3324
2727
2884
5280
2891
5001
3324
3943
6402
3324
3943
6402
576
2137
3033
3324
3943
6297
6402
3324
3943
6402
1306
5532
3943
6815
2911
5033
2829
2932
3223
4779
3304
4603
5217
6093
909
1978
6402
3168
3337
5320
1015
3839
6034
1121
3033
3168
5001
166
1373
2243
412
576
1681
3248
799
1194
1721
3324
4038
5001
6537
262
2156
2932
4866
1722
2984
3324
4492
6118
4474
5001
5221
2964
4492
6402
811
3228
3324
4474
6093
6202
3340
4779
5033
5287
4904
2925
2727
3340
924
3324
4532
4688
7015
3340
1624
5001
5417
6402
6402
3563
6402
1190
2964
3033
3313
5001
872
3200
872
2957
3200
3548
5221
1335
2633
5097
2964
1335
1712
1977
2558
3313
6353
7023
2964
3313
850
2289
5288
899
1608
2243
3324
4492
5161
822
1507
4483
4389
822
3324
2484
5280
5782
6353
6495
3076
849
1318
4289
4877
5215
2992
2933
3548
3770
3839
5221
6384
4662
5116
5844
2651
3033
4534
4534
3033
3324
850
3324
3492
5221
924
3223
576
3324
5001
6556
4492
5301
2212
3304
4904
5211
5217
6093
1442
5162
3013
2422
3324
3662
5001
6402
3154
3492
5211
6093
5211
6093
1190
6679
7005
166
2149
2270
2289
3340
774
5001
11
899
1685
3839
3910
6026
6299
54
3277
6353
6106
6155
6166
6202
3033
4996
1893
6106
4038
3324
3640
4289
4779
3038
3324
3340
6397
3037
3839
6402
2911
3277
6815
2582
2926
3839
6858
2582
97
648
3324
4474
5001
4038
37
576
2943
3839
5344
2238
2727
3324
4525
6402
5161
6931
4662
5288
3033
3324
2176
2154
4779
5341
5532
3324
3942
2377
3340
303
2625
2627
3277
3313
4504
4904
4996
5693
6093
609
2911
97
3324
1015
3324
4492
2243
4956
5876
166
1833
2149
4426
5746
6848
2137
2748
4996
7015
672
1969
3076
3359
5068
5675
6687
3324
1893
2212
3302
3304
4904
5211
6093
7008
4492
4900
5221
1978
3340
7015
1507
1965
1967
4492
5001
6723
7048
3033
3035
3155
3158
576
3033
7048
1893
2858
3304
3340
3876
4864
4904
5217
5438
6093
6155
1893
1958
3168
3340
3839
4996
7048
3324
3317
5001
3385
2964
5318
6353
7023
358
569
3662
4123
5341
6025
3943
97
968
3942
4589
5532
1267
2137
2243
2433
5569
2243
2386
4492
4687
5161
7015
1311
3111
3223
3324
4779
6353
1748
2932
3098
822
4768
1493
2727
4996
6422
3223
5438
7015
1430
1965
2482
4492
6353
903
1078
1335
2727
5179
6350
6537
2843
3324
899
1015
2099
3275
3324
3839
4779
5670
6858
774
2243
3613
4229
5280
3324
5700
6034
924
1190
4492
6858
1335
5417
7003
5001
3033
3324
3340
3537
3943
3947
3839
3141
4038
6297
2207
3324
3839
3943
1893
3055
3138
3340
3492
5221
2243
2582
3138
3324
3340
4492
3943
3324
3773
3324
3943
1627
3552
4341
3324
3351
2137
2243
2351
2386
3145
3943
5162
3155
90
672
2446
3138
4290
4687
7048
4389
6402
3033
3324
4504
4996
5226
811
1965
2243
3324
3345
1442
2243
3033
2727
6915
5344
6402
2727
3324
3340
6848
2279
3324
3839
2984
1374
3178
894
3340
3839
810
2433
3185
4474
3966
6402
3492
3505
157
1190
4629
4996
5344
6181
6297
2322
4808
5850
1015
822
872
3548
5221
3138
3340
3943
1442
2633
4278
3345
3324
3943
1442
3045
3277
4492
4836
2582
3248
3324
3743
3839
4532
5344
5850
1507
2137
3324
3552
5870
3340
4492
4996
1993
3324
5001
3340
5223
5973
4996
4167
3943
6122
3324
6915
2207
3230
3345
4864
6166
6033
3232
5221
847
2243
2386
4492
5001
5162
1893
2084
3099
3340
4996
11
3340
5857
2243
5162
899
1700
3760
3839
3943
4492
1833
3839
4479
4794
3386
3499
4038
3324
3743
4532
3340
3324
5384
1893
3433
4492
6353
2176
6402
3943
3033
4904
4905
5401
234
363
1190
1335
3345
3535
4904
5001
5221
5867
7008
1593
1685
2727
3324
3910
3324
3943
1015
1751
3324
3294
3302
3877
5211
647
5439
1507
4256
4483
6270
1593
3820
3839
3716
2203
3033
5221
6353
11
3324
4474
5982
5280
5591
6353
303
1335
1436
3282
5060
5064
7008
5280
2433
3454
7015
3839
237
6353
1442
2046
2633
2911
3948
4687
6617
7048
1967
3302
2243
6352
3340
2084
3304
6093
3492
4904
6093
3302
826
919
2582
3033
3304
4996
5162
6093
6397
1969
3033
6093
5973
850
5439
3324
414
3076
881
1848
7048
5754
5867
6612
6297
6402
3526
899
1751
2243
3138
3340
4038
4123
4813
5001
6705
5001
1751
2727
3337
3340
2433
3341
5670
62
1204
2142
2212
2243
3876
4474
4904
5162
5539
5867
6093
2936
3839
3943
899
2176
2433
2943
5001
3324
2727
3324
5778
3223
4253
5001
5001
3324
2582
3329
708
1303
2351
2727
3839
5836
494
3496
3033
3340
234
3038
3324
3341
4687
963
2243
3268
3270
3449
4794
5716
5731
5876
5877
5879
1015
1965
3324
3760
4866
3640
5001
6126
6617
3552
5670
4904
3947
1738
3839
1442
5211
5217
5599
6093
6353
6093
37
2422
5001
3138
786
5384
3186
3033
3340
3968
4779
6273
6402
2911
3839
5357
6285
3223
2304
2926
5223
5001
6708
899
4877
6032
2384
5001
1751
3168
6297
3340
1721
166
899
1015
3340
6526
2243
3388
899
3324
899
919
1266
5850
899
2243
3388
1593
5001
1967
6723
3760
3839
3449
3033
3839
2243
3839
4779
899
3324
3033
3168
3304
4794
4886
6126
822
3966
3121
3340
3033
3324
1593
3640
4532
576
3324
4996
5221
5438
5700
6507
6612
4262
4504
6578
1500
3943
358
4038
576
3340
3760
5670
1424
1426
1965
3324
3839
5146
6402
2582
3138
3223
3324
3340
3839
5670
2484
4492
5162
2582
2933
3340
5401
5827
3340
166
2816
5462
5827
6034
7008
3076
3324
4492
576
5982
54
2142
4904
6848
3033
3324
1335
3138
2351
5232
5233
655
2243
2455
5439
11
202
1469
2243
3138
3839
4492
5876
2146
2289
2943
3340
3839
655
5232
1593
2351
2433
3385
3839
1088
2351
1296
3033
6848
2422
5324
924
6402
919
3324
4492
5001
3340
2455
311
312
362
2243
3096
3324
3449
4233
4492
1507
1888
2335
3304
4904
5217
5231
6093
6155
6024
363
899
1593
3839
5279
1190
2243
2433
3340
5342
1965
363
576
3138
3324
3449
4038
1965
2858
4655
3324
3340
4101
3440
5963
3138
3340
3708
2427
4492
4904
5211
6034
6093
6102
3876
4904
6093
7048
2243
4842
247
4474
2351
3943
2243
5161
2146
2625
2627
3277
3324
4038
3037
4038
5001
6402
6592
655
2451
2455
3443
3839
11
3324
4479
5001
1753
4607
1248
1272
1274
1853
3345
6402
213
899
2538
419
3160
3324
5670
3340
3943
3810
6034
1015
1715
1893
4038
5211
2289
3324
2409
2842
3324
3324
3839
2289
3340
1978
3351
4289
6706
202
3340
3033
3324
3966
4866
5001
5439
331
672
1969
2397
2768
3138
3324
3359
3505
3563
3796
3839
4479
5001
5951
5961
6488
3552
3160
3507
3552
6471
672
1267
3507
3535
3552
6471
3324
3552
6471
2243
2582
3432
2243
3304
4996
5211
6093
4996
2727
2455
799
5302
6034
1967
3324
3340
4038
4123
5670
4904
5746
657
202
2452
3504
3324
3750
6402
3038
3340
2633
7008
6815
1660
5728
5001
2948
3340
2270
6708
877
4038
5532
1413
2137
2341
3033
3492
4038
5001
5850
3033
3313
3545
5001
5876
1015
3324
5138
3390
3839
5001
5005
3839
5435
1190
2386
5001
7015
880
3563
5001
5127
5344
6402
1965
2861
4866
655
2231
2243
2455
5161
1777
960
1318
1507
2932
3340
3839
5215
3839
2488
4219
899
919
1813
3138
3640
5572
6297
2433
5001
3324
1162
2137
3033
412
1507
2254
3324
3587
3839
4038
672
3076
3138
3760
4479
4589
3138
1593
2243
2727
3033
3324
4389
5221
3033
6402
3324
5405
6507
3324
3839
576
3324
5778
2243
4492
5162
4904
5001
6093
1287
1952
2768
3535
5417
4996
5384
3111
3324
3773
1507
2727
4629
4866
5401
5517
6034
807
5876
7008
3324
822
1507
2815
3324
3966
4866
1883
3033
6271
6798
5827
3138
1978
3160
3324
3351
6297
7048
11
543
3351
362
774
2243
2251
4229
4233
4492
5162
5876
6402
867
202
3138
4492
4741
2243
5001
7008
1627
3275
4047
4253
2947
3033
4389
2122
5001
5148
3324
6402
3839
3324
3340
157
2538
2144
2144
2289
6402
56
4338
2289
3340
3502
3345
3824
1978
3160
3610
1593
2704
2705
6144
3324
2243
4072
5162
6967
720
872
822
3839
7048
4535
6126
4631
1893
2122
2469
4603
4866
4904
5211
1194
4904
5211
5850
6093
5033
7008
2433
2727
2203
3223
3492
1493
157
3033
5683
6397
4525
37
3492
3839
3884
6402
54
166
2907
5870
6093
6166
2351
2582
3996
1204
1335
2911
6758
166
811
850
2204
2351
4423
5221
3023
3324
4479
4779
3996
6402
917
1424
1965
3340
5001
5221
5596
7020
4492
3033
6415
672
1442
2232
2243
2386
3033
3035
3045
3324
3684
4492
5066
5162
1978
3340
3033
4589
2212
4904
5211
6093
847
5970
5973
5001
3910
763
767
2289
5591
2289
3324
4038
4670
3223
437
3492
414
1424
1965
2335
3076
4492
5876
5880
576
899
2428
3033
4492
6542
7015
2933
3324
2137
4768
5836
6935
6848
2933
4253
4492
5280
5287
5290
5558
6353
5001
166
3324
615
4038
5001
3324
4176
4768
3839
4802
6481
3492
4038
4123
5532
899
2961
6402
5001
3033
3548
4162
2243
3160
3255
4492
5162
2727
6402
1978
3341
3839
6402
563
5800
54
166
2351
4996
6967
7003
1445
512
899
2933
3033
3839
7015
3324
3340
7008
121
850
873
1985
3735
4996
3340
5857
3385
5280
5591
5614
1751
3839
6402
3033
3324
3385
6673
5221
822
919
1507
2289
3340
4996
5221
822
3033
3324
6402
4996
6402
3943
3096
5221
5811
6353
7008
1883
3839
5001
2084
1335
5033
7008
2212
3938
5539
6093
7008
1318
6402
1312
1442
6353
903
3839
5670
6402
6558
2322
6858
3340
850
1259
3340
5221
5870
6507
6612
11
1965
3839
4687
5714
5001
2243
3138
3324
3548
4996
3324
3111
3324
3324
3943
2243
4256
4492
4655
4667
4687
5161
7015
615
899
3340
3839
5317
6297
1751
2243
2430
3839
5162
3324
5215
1015
3340
3839
4687
11
1673
2351
2480
3324
3440
4996
3023
4341
4528
5439
3492
6402
11
3138
3324
3943
5161
1627
3839
576
5670
3839
514
672
699
2351
2433
3839
4304
4320
4479
5384
5484
3340
3324
3432
919
2203
3302
5774
3760
3839
4474
2884
3760
3807
4474
5280
2614
3324
5001
6297
6768
5001
5005
4911
1978
3638
3943
4794
5191
1965
4996
3340
4038
672
2520
11
2203
4939
5221
166
1015
4423
6106
6365
3324
3662
3829
3996
4492
4687
5384
3033
5001
5371
5384
5854
11
331
3351
3552
3839
6297
3827
3996
166
1015
3839
4038
4171
2122
4996
2433
4996
743
3324
5280
5001
5876
2582
3324
5401
6402
6757
6858
3033
7008
3849
5280
5280
1424
1442
1923
1965
3996
4996
5001
6499
3384
5344
5001
6402
3340
4866
5001
1377
5221
2137
3858
4492
1335
1896
2727
3852
5221
1259
3852
3861
4492
5221
6106
1335
2727
3861
4893
5221
2582
3324
403
2351
4794
5849
7023
1450
2137
2451
2992
2243
2386
2430
2964
5162
5693
6537
7015
11
3877
4308
11
799
2885
4474
4904
4996
5357
1442
4639
3324
5001
302
2911
3324
3910
6299
2243
5221
512
3743
4121
4122
4492
5033
5162
5288
3324
6402
2727
2727
2932
3340
5401
5666
6026
2137
362
774
2243
2727
3096
3223
3839
6353
1015
1143
2270
2289
2727
3324
3275
3440
2727
5001
924
1477
2727
3340
3529
5417
6936
2727
2627
4492
5287
3910
6299
3910
3912
2046
2243
4492
5162
6353
3910
899
2727
2936
3324
2243
3918
3966
5162
5527
5693
11
237
2484
2858
3340
5001
6353
7020
1287
64
576
3033
3324
4687
2243
2633
4492
5033
5162
5287
5693
6353
6495
313
5001
1620
4257
5439
5844
449
514
5033
5287
330
3324
3390
3743
5001
699
2270
3023
5952
6778
672
3839
3302
3304
6093
3033
1287
3033
3943
3943
3948
4735
6033
6297
6402
4655
2118
3839
3943
3956
3038
68
1519
22
3168
166
899
1287
4038
6353
729
850
919
1335
1424
1965
2243
2384
4441
4996
5105
5162
5361
6353
3277
3813
5876
6353
7015
4779
4866
166
4426
4904
6093
6848
850
1480
2317
3324
3545
3340
5001
5221
6710
6723
960
3839
5670
2137
2203
2582
3223
4687
4717
5344
1447
3324
3138
1653
3492
3982
3610
2571
4123
1378
2172
3056
2243
5746
1015
3340
5033
5287
576
1121
3760
3839
3324
5001
403
4002
4779
5223
909
1442
3337
4364
358
5326
5414
811
3548
3689
4474
5221
5867
3385
5997
6402
1771
4492
6297
1978
4492
5191
4779
3324
5326
3394
3324
83
226
474
620
909
924
1673
1797
2433
2582
2952
3324
3449
3996
4002
4253
4794
5191
5800
6384
6402
6914
3324
3390
1442
1985
2243
3324
3662
4492
4041
4042
5033
7008
5211
5217
6166
1978
2243
5162
4051
1507
3406
4479
5401
2289
3966
6673
4670
2429
3877
4643
4465
4466
5221
5867
331
899
1204
5282
5001
3033
7008
4067
6397
7005
7008
5001
3351
5033
5288
3302
5033
2961
6402
2704
2705
4492
5001
6612
3033
1424
2828
5401
54
576
5001
6612
4492
5033
7008
4900
5001
3535
1335
2243
2631
4492
5033
5162
5211
5287
6093
6687
7015
1090
2318
3839
3943
4167
4534
850
1442
2526
3033
3035
3045
3294
3301
3302
3492
4492
4996
5001
5162
5226
609
1296
1712
2632
2633
2911
2964
4105
1335
3324
3948
4103
5280
5280
11
919
2341
4492
4687
4710
5221
6353
7008
4904
5211
5280
1424
1965
3304
4096
4492
4904
5161
5211
6093
5001
3324
1507
2815
3324
3340
3743
4866
5221
5438
850
873
2351
2974
3358
3385
4881
4038
3340
4121
358
1303
3537
4038
4945
5604
5843
6433
6778
837
3839
262
1190
2243
2964
4492
5693
6353
7008
3033
1335
5001
5269
6402
2222
850
2998
3324
4474
2727
1204
5424
437
521
4646
2843
680
2433
6858
6947
4687
3340
2484
3033
2243
2843
3340
4779
5162
1576
3324
6402
3324
3340
6778
576
1813
6778
3324
3545
3974
3185
1015
2186
3340
3839
2404
3492
5310
1190
2243
2250
3255
6353
4158
4162
11
514
4161
2433
3943
5001
358
435
4534
2212
5033
7008
4866
6365
56
166
2727
166
2239
2243
2964
3910
3912
4492
4996
5033
5162
5287
5693
6026
1978
4794
6402
3343
4176
4304
4794
2727
166
1015
3033
3947
4038
4383
4423
166
2243
5475
6353
6402
2243
5001
2727
6402
6980
903
1296
4492
6848
6402
5001
2727
1420
3023
3640
2243
2273
3033
3324
3839
2627
5876
2433
6737
471
576
909
3324
3397
3400
3713
3324
3492
5261
6518
6848
2433
3302
4492
4904
5033
5287
5693
2128
2243
3033
3168
4492
4904
5211
3033
3324
6848
166
4383
3839
2422
54
1776
7015
2317
3138
3839
3076
850
6402
850
1335
5001
1190
672
3390
672
2317
362
774
3839
1424
1965
1424
1507
1965
362
774
2943
3351
6939
3324
680
1424
2289
2858
3365
4256
4492
1660
2170
2289
3324
4582
65
3155
1576
3743
6402
1965
1983
1015
2004
3947
4779
5223
5973
6705
6402
1190
1928
2243
3324
4465
5001
6723
6798
7048
3966
4866
2318
4534
909
3651
3839
6354
6402
7048
6402
6870
2289
514
2433
3023
3324
3884
576
166
667
1507
3033
3324
1507
2243
3033
1192
6353
2727
2932
3223
5401
6429
5867
4484
6533
234
4492
6353
5746
1287
2243
2203
3301
4939
5221
6126
1965
2243
3839
5161
5417
6402
54
166
1221
1287
4284
4287
5302
4281
4283
4284
4287
5302
4281
4284
4287
5302
5302
2243
2386
5162
4284
5302
3138
3324
3340
3138
3324
3340
3033
4297
7008
1593
5221
6723
1777
4996
11
391
1015
2238
2727
5001
5384
6836
3839
3341
3942
3324
5346
924
5001
899
5279
2341
3324
3340
6566
166
4410
4426
4474
6463
6848
6297
2203
2633
2911
3255
5162
7008
7018
7048
3394
3662
4167
1965
4631
5344
6402
2943
3326
3388
2243
5001
5005
960
2943
3340
6397
2476
3340
5161
3138
3340
3033
3035
5001
56
166
642
3340
4589
5512
6402
1947
1015
1507
3096
3324
3603
6297
6556
1848
3033
3035
4779
1848
3033
1424
1848
1965
3033
3035
3340
4779
6737
5001
3324
4341
6034
6402
6353
1354
1442
4492
672
2243
1015
2322
3337
3340
5906
1848
2582
2830
3248
3324
3340
3545
7018
7048
1424
1965
2243
5001
1965
5585
6402
2243
5384
166
576
1424
1965
2243
3301
6093
67
54
166
183
667
1847
3340
3839
4426
4794
6848
2137
4996
7015
1817
576
3304
5211
5217
6093
6166
3351
4459
6297
3324
1190
2727
6350
6352
2422
4815
6238
166
2727
3340
3968
4779
699
1436
3276
4996
5700
1287
899
2243
5161
899
2430
4996
5693
657
4580
6384
2427
3033
4394
4996
3943
4794
6126
3585
4768
6858
899
1893
2518
5876
7048
6402
672
3340
3033
3340
6402
1248
4474
6202
4682
3390
166
166
4410
54
166
5001
5354
5359
166
4904
11
166
1450
1477
2149
2348
4415
4423
166
166
166
166
1893
4426
5832
6097
166
2727
3935
4410
166
147
166
855
3302
3640
3743
4038
4383
4474
5700
1952
2772
2843
2932
3111
3212
3340
4038
4779
5221
5700
166
3943
6848
2727
3033
3324
3340
1418
2017
2243
4504
217
6034
6402
7015
2243
2433
2243
2526
3324
3492
4492
7010
3340
201
617
1442
2964
3046
3277
6577
903
1335
5105
6353
7015
655
2243
2455
3033
4655
5219
5232
303
2243
3033
5844
1121
1323
4492
5001
5162
6297
974
4794
655
2384
2451
2455
3033
5232
11
5850
655
2451
2455
3839
6556
391
1978
3324
3943
5670
7048
3324
5414
1978
3943
5982
3640
2243
3548
4465
5221
3033
3304
4904
5211
6093
6102
185
826
917
919
1361
2427
4437
4474
4492
4904
4996
5211
5499
5693
6093
6102
6353
7008
7048
899
2351
3033
4474
6518
2243
5162
2243
2389
5876
3699
4474
4492
5001
5876
6402
3324
576
3324
121
1311
5867
6533
6762
419
576
1978
3324
3839
4482
4487
2932
3023
3576
4479
4487
5264
5344
6392
6402
503
576
672
3839
4051
3255
4492
5033
5288
5001
4492
1442
2149
2243
4171
6577
3587
3640
3324
4284
5302
1969
2451
2455
3033
3324
4655
6402
7008
3324
1299
3966
330
2243
3186
4492
1442
5989
2243
2386
4492
6698
358
1015
3340
3839
1015
2186
3340
3839
358
1015
2186
3324
3340
1015
2186
3340
3839
4687
5001
358
1015
3324
3340
1015
3340
3839
924
3324
5700
2911
5033
2633
2911
4492
576
4939
3839
5850
6093
6155
2433
2137
899
2433
3033
4538
2582
3138
3324
1965
1978
2289
2858
3340
3552
3884
5001
6353
3341
899
1287
1335
3839
3947
6365
4779
1751
903
1442
2243
3324
3839
3943
850
1874
54
56
657
1190
1361
2112
2142
2176
2231
2243
2964
3033
3633
4338
4492
4904
5161
5211
5226
5591
6093
6848
7015
2243
2727
3324
3340
5660
6093
576
1204
1442
2727
3045
5539
54
56
166
576
1442
2243
2727
4338
4383
5162
5876
6848
4556
5068
1909
899
1893
6071
429
4768
5482
3033
3943
1965
4358
7018
7048
3033
4563
7048
3549
5001
4578
3839
4715
6858
6402
3839
5001
1507
2727
3324
6155
3324
4342
2243
2386
5001
5162
4492
4996
5162
5876
3324
3385
2992
3943
2243
5693
1673
2582
4297
5401
2243
3033
3138
3943
4290
4492
919
2322
850
2243
5001
508
3310
1978
3324
5344
237
3277
899
5279
2207
3351
4320
4904
6202
6705
1343
1893
1969
2180
2243
2427
3304
5211
6093
1442
2243
3277
4364
4866
5162
3548
5221
1287
3033
166
1343
1965
2243
2386
2633
3255
4492
5693
6353
7008
5001
2289
2582
3324
6402
2243
2351
3340
576
2582
3138
924
1806
2659
6858
3324
1893
4864
2932
4492
5001
2084
2933
3037
6402
2727
3033
3340
5458
3324
3943
2243
3324
4492
4996
5161
4492
6353
2243
3324
6426
6402
4609
4836
1874
3324
3535
5001
6633
1493
1931
5417
1965
2858
5001
5005
3324
1965
2243
4492
5162
3839
822
5001
3324
5870
5985
6848
903
5001
6353
2243
3329
3333
3651
4256
4667
4687
5162
5439
6690
5439
3077
3839
6384
3345
4933
5326
5414
5591
3033
3324
2243
3038
5162
4996
5001
5906
7048
1036
1182
1969
7005
576
2582
2146
2961
268
2427
2776
2137
1190
1969
5033
5676
1287
3324
4038
6778
11
3324
3499
4038
4996
6659
576
1565
3640
3774
3943
1934
1978
3033
3651
4690
1978
4257
4690
3038
3659
4492
4687
4820
5569
5808
6525
1424
3548
3947
5324
5591
576
4820
5033
7008
4996
5033
6353
6617
6967
7008
5033
5033
7008
5279
2633
1215
1217
5001
3340
166
6202
5341
2633
3966
7008
4753
6402
4492
5162
5288
6353
1190
2633
4492
5288
6353
3304
5217
6093
4186
4836
576
1893
2137
2351
3662
3876
7008
3223
3224
11
4726
4726
6353
3324
3385
3839
4731
799
1442
2137
2161
4736
6352
799
1190
5033
7008
919
1015
1157
1593
1859
2238
2243
2270
2433
2582
2634
2727
2907
3038
3340
4492
4504
4687
5162
5793
6026
3324
3340
3033
3035
4389
3340
5973
1923
1335
2341
2964
4687
7015
6402
7048
3324
3340
3535
5221
5384
4996
5382
2627
5591
6353
850
3304
3495
3829
4710
899
2932
3340
4794
2254
3341
3839
3943
4687
4794
2422
3340
3492
3839
4038
5001
6596
7018
98
2254
3341
3839
4687
4794
4768
1015
3033
3640
4768
2727
4302
4768
5793
2137
4766
4766
924
2727
4329
2243
3340
5001
5162
5693
924
2243
6402
2933
2633
7018
7048
2351
4996
5693
3324
4176
648
1190
3340
4662
5001
6033
6352
6967
672
5221
6749
7018
7048
576
3324
3340
3343
6126
4866
4794
11
4794
6034
7048
1428
1965
1985
3492
4589
826
2558
2625
5876
576
1267
1442
2243
3695
6577
1978
4257
5439
83
4437
5876
6353
7015
924
3224
5001
1442
2243
3324
899
3033
351
919
3492
2933
3324
6093
3345
5211
6093
1893
3390
3576
3839
6034
11
899
4830
5279
1969
3033
3340
4930
576
899
655
2451
2455
3033
3035
3138
3324
3340
4655
5233
6297
6470
576
899
3033
3076
5221
5635
7008
514
5033
5288
899
1015
2351
2433
3302
4680
5033
3324
3839
166
2149
4383
101
672
1442
2243
2341
2386
3255
3277
3324
2523
2203
4161
4697
5221
5058
5417
5033
5287
4996
1751
1859
2243
2582
2727
5161
6034
4589
5537
850
919
2509
2984
3324
4304
5746
5033
5746
2243
4492
4504
5033
5162
5288
54
166
1190
1847
2239
2243
2351
2386
2582
2998
3033
3324
4364
4383
4423
4492
4996
5161
5162
5226
5693
6848
6853
6026
1593
3038
899
1893
3302
3340
3943
1442
2633
2911
1130
4865
6093
1424
1965
3324
3345
4364
576
1813
3033
1190
576
3324
3839
3924
4687
5850
850
1424
1965
2243
2433
2858
3324
4629
5001
5362
1374
1377
826
3033
3304
4904
4996
5211
5217
5539
6093
5001
2433
5001
2484
4123
4364
5001
6402
4296
4886
5226
6093
1190
4646
3033
4221
4492
5161
7023
4221
4492
5161
4996
3324
3943
6397
6848
3340
5001
672
1507
3966
4866
5527
166
3839
4423
4533
5221
5982
6155
5001
6093
2526
3033
3035
4904
4996
6093
7048
4534
5232
2137
3304
4904
5033
5211
5693
5726
6093
6353
7008
4996
5033
5287
5565
6967
7008
2633
2911
4492
7008
1190
2137
4492
5033
6353
1442
2243
2633
2911
3301
4492
6093
1190
1335
5033
5288
5033
5288
2633
2911
6353
5001
3324
5001
3329
362
774
3613
5867
6518
1296
2727
5326
5414
6202
826
3304
4996
3324
4492
1910
2858
4504
4941
5280
5280
1335
4492
4655
5161
4038
2964
5318
1978
3351
3743
4459
4474
5280
229
1442
2907
3337
834
5321
5033
5287
6353
6617
7008
2633
4492
7008
5001
5013
11
672
4957
6507
11
672
919
1507
2582
3324
5068
5670
368
672
1932
1969
3966
4956
4957
5439
5441
909
3760
4956
6402
1274
4956
1418
1419
2017
4956
4957
5125
3760
4956
11
1771
3996
4820
4956
4957
5161
11
1670
4956
1544
4956
11
1967
3324
4956
6518
6723
7018
4956
1777
4956
2535
3033
3492
4956
4956
2243
2250
2430
4492
4956
4996
5693
6402
6507
3091
4956
3270
3449
4956
1638
2582
4956
6836
4145
4956
3324
3574
4479
4956
7015
4158
4159
4956
3033
4956
4956
4996
4956
899
2727
4956
5324
5588
4629
4956
5165
5401
3223
3324
4956
5660
4956
5716
5731
5734
4956
5770
5854
6155
4956
5974
672
919
4956
4996
6836
4956
6085
6507
4956
6305
1194
4956
6402
4956
5221
6518
648
3033
3035
3948
4820
4956
4996
5973
6352
6507
6617
7048
4876
4956
6723
11
1335
1442
5162
2633
2911
5973
2433
4038
5001
5001
5001
5001
5001
5001
5001
5008
5001
5001
5001
3340
5001
5001
2964
5001
5001
5001
1335
4441
5001
6353
5001
4891
5001
5001
774
5001
5001
5001
5001
5001
7018
5001
438
1442
2633
2911
4492
7008
5033
5288
3033
3324
3340
514
1977
5435
2911
5033
5288
7048
75
1978
3160
5670
75
1978
2243
2933
3160
3171
4002
5038
5670
3351
5973
6705
6706
303
5326
5414
5591
237
1442
4492
4836
5307
6577
7008
5280
7008
438
2124
237
1190
1442
2633
2911
3277
166
2137
4045
4492
5033
5288
6353
7008
2243
2386
2727
5162
5693
450
4492
5033
5287
5033
1287
5417
5867
551
2907
4504
3883
4338
7008
303
1335
7008
7008
1130
5001
5001
5001
3340
4038
5001
3076
3492
3340
5339
6126
1442
2633
2911
5033
5288
166
850
4383
4423
4426
6848
6353
218
3340
4662
5105
5080
5080
5001
39
1204
1507
1715
1874
1875
2815
5439
5539
5001
799
1204
2582
2633
6353
2633
4492
5288
899
5001
6093
6166
3943
5439
576
672
1768
4176
2855
1204
1413
5539
438
3255
4492
5033
5288
6353
7008
576
1848
2105
2243
2406
3033
3138
3275
3324
3340
3390
3492
3943
4293
5310
2289
6915
2351
3342
7048
576
3340
3839
1263
2351
576
1015
3324
3563
6397
850
5844
5973
2289
3023
3492
899
6026
6708
37
924
1999
2538
2727
3386
4387
5850
5001
1194
6402
7048
224
2582
4492
6402
850
855
2727
3324
4662
1965
4904
5001
1715
4038
2451
2456
5133
2633
2911
7008
166
5033
7008
2351
5001
3324
3943
2199
2243
2911
4173
4492
6093
6155
3359
1190
1335
2633
4492
4933
1335
2144
5147
5280
5280
157
880
2207
5161
6353
6402
7015
7015
3033
5280
237
1190
1442
2243
5001
5162
2243
2386
3449
4108
4996
6617
6967
7015
2433
1190
1335
1442
2633
2911
3876
7009
1965
2858
4479
5001
5005
2433
4492
4492
5001
6353
2451
2455
4492
5162
4956
5033
5288
2203
2727
3111
5221
6071
1969
2203
4504
5221
5254
5320
5575
6093
6751
1190
5033
6352
7008
237
5033
7008
1424
1965
5001
2433
2727
3277
3340
4492
6353
7008
3045
3277
5001
6126
2632
2633
5287
7008
391
3340
1848
4866
6963
2243
2632
2633
4492
5288
7008
7023
5326
5414
5591
7008
7018
1442
2633
3045
6577
237
1190
2243
2633
5287
4794
4996
263
2243
4866
5401
6808
6952
2633
2201
3324
5458
5512
6202
4492
5033
7008
5001
2243
2386
4866
5280
4866
1130
2632
2633
2911
5001
2422
1190
2243
2386
2633
3255
4492
5162
5693
1190
2243
2633
2911
3277
6815
6939
7008
3640
6025
3324
6093
5321
533
1000
3340
5212
5321
6353
2633
5001
6093
2727
5415
7008
5232
5033
5287
5973
2633
3255
4504
5288
1620
1620
5227
5876
1817
3324
2243
3033
6093
7008
5232
799
5280
5282
2627
2911
3277
513
2633
2911
5033
7008
6612
5326
5414
5591
2433
4863
576
4364
6848
3839
2633
2911
4492
2243
4492
5287
5876
6155
5280
2243
2633
2911
3302
4492
5112
5001
1130
1190
1969
2488
2911
4108
5065
5068
7008
2137
3033
3492
6848
5001
4331
4631
5344
3324
6402
5589
3535
2964
3313
5033
6507
11
3033
6126
6416
7015
3324
4794
5484
5906
5001
5162
6815
2243
5876
6353
7005
899
5280
1204
5280
5280
5033
7008
5280
7048
237
2911
5280
5287
5280
5292
5585
5280
5585
5280
5294
6617
5280
5033
2318
5001
5033
5287
4492
5001
514
1248
2203
4492
4904
5221
6093
6155
2632
2633
7008
1190
2911
7008
7023
3275
3324
3492
3943
4794
5001
5384
6353
3492
5001
5033
1335
2335
3259
5033
5876
3743
924
5001
899
3341
3743
6034
2964
7023
3033
3340
5326
5414
799
1194
6826
1507
3038
3324
54
166
2433
412
1874
3324
3340
4304
5001
5532
5583
5867
6165
7018
7048
40
1123
1507
2932
2947
3033
3324
3406
3966
4256
4474
4479
4866
5439
3033
4492
5001
5001
5330
2582
5280
5335
5280
5280
2911
4492
2633
2911
4492
5033
3340
2318
533
1000
3340
5212
5321
2243
2582
3033
3760
3943
4528
4794
5439
6126
6402
1204
1532
2351
2433
5221
5691
2633
5280
11
1893
1983
3302
4996
6093
6556
5001
5033
7008
2727
5280
166
4492
6499
7008
1335
4441
6353
4162
5148
2964
3968
1442
2243
2633
2911
3255
5211
5693
6577
7008
1893
2201
3356
5033
5599
5726
6353
7008
5033
5211
5287
6093
6353
7010
7048
1335
5033
1374
5484
2231
3324
4479
5384
5484
6247
3033
3324
5384
1379
3033
4878
4996
5370
1374
3033
4996
5375
358
4794
5215
5384
5422
1204
1507
6093
6102
6895
7018
7048
1925
3033
3324
5384
5484
5384
6402
1268
3324
3385
5532
1424
1507
1593
1965
2243
3839
5484
5001
5005
2243
3324
4365
5384
2243
3033
3138
3340
3943
5384
7015
5384
3340
5001
2415
4038
4492
5382
5384
5384
4341
6402
6404
5401
672
3138
3324
6481
5221
5001
2351
5221
1194
5127
6402
5405
3340
3341
4038
4779
5417
5405
5105
5973
5223
5409
4779
5409
5973
5409
5557
5973
3682
5033
5326
609
5033
5288
1374
1377
1379
4878
5370
1374
1377
1715
4878
2633
2911
1374
1377
4878
5420
2727
5280
5409
5410
1204
2243
2386
5223
5439
2243
5001
5221
6190
2037
2075
166
2633
2911
5354
3505
3966
4866
5001
609
1335
5001
6353
3662
3996
166
1287
4426
4682
2484
5439
5439
5439
3324
6402
5221
822
3324
3839
4891
5001
6813
166
166
1413
2149
3826
4415
4423
5001
2962
5033
5287
5827
1190
1204
1424
1442
1965
3255
5001
5539
6352
6577
1442
2243
2633
2911
3255
4492
5162
6070
6939
7015
850
1204
2084
2243
2351
2582
3033
4794
1442
2727
5001
5019
237
4492
6352
6353
6353
5001
5033
2433
672
5033
5288
7008
2633
2911
5033
5288
5499
5868
5288
1204
2451
2455
2727
5232
5539
4794
725
2201
3356
3535
5221
5458
5512
5001
202
899
3324
1311
850
3033
3839
4304
5384
4304
4479
5384
5484
6205
850
3033
3986
5384
5484
1576
3367
3743
6612
2270
3341
3829
4304
1424
1965
4933
5326
5414
5591
5660
5664
169
2243
3033
3038
4492
4996
6612
2427
4492
5868
166
2477
5161
7023
1969
11
1777
2243
2289
5693
5700
6238
7008
4492
5033
7008
6449
5458
5609
699
5033
5288
7008
3038
3324
3324
519
655
1833
2351
2451
2455
3529
4245
6034
6353
2270
3324
3340
4802
3340
362
2289
3340
6383
6402
1893
2907
4886
303
1335
2633
2911
4492
6353
1932
5221
7008
5001
2633
2911
4492
5033
6353
7008
1426
1821
1965
5001
2633
2911
3526
5001
6705
5001
1552
2243
4492
4904
5317
6093
6507
4492
2386
3033
4492
1204
1204
5280
5282
1967
3033
6416
2768
5001
5033
5288
4492
3492
4038
5001
6402
1969
5280
2633
2911
4492
6353
1670
1673
3356
5217
6093
5290
2964
5146
5876
6577
7015
242
4253
1715
2422
3743
2137
4492
5033
7008
699
1507
2289
2815
3350
3966
4866
6126
6495
6617
6673
5326
5414
5451
4437
5001
2201
5458
5512
6202
2427
6093
4904
6093
7018
7048
5001
5033
5001
2936
799
1751
2984
3947
4038
5001
5532
5967
6165
7018
7048
794
5599
6353
234
5585
899
3033
5589
5326
5414
54
576
672
1073
3138
3324
3576
3761
3966
4479
4681
6297
6848
5001
1130
7009
1442
2243
2633
2911
3302
4492
2633
3277
5787
7008
1047
2943
3138
3324
3340
6402
2433
4437
5438
6612
4116
5001
2943
960
2289
4479
6205
2243
2633
2911
4492
5162
5211
6093
2727
3232
4886
6033
7008
1909
5280
5615
5280
2243
1893
3304
6093
6093
3337
3033
3324
3390
3839
2907
4492
4504
5288
2916
7008
1190
1910
4940
5280
3023
7008
5033
5287
672
6353
4492
5033
5162
5288
3033
6064
1969
1977
2243
3432
4687
5232
11
450
2201
2202
3301
3302
3877
4492
6177
439
7051
2659
4167
4322
363
2439
3324
4512
6858
3324
3943
3324
267
3918
1442
2046
2243
3324
4229
6166
3224
3839
1978
3351
3552
6471
6519
3223
3324
4584
5660
6397
5664
6093
3345
3329
3449
2727
2728
7048
2724
6206
4492
4904
5001
5001
899
1318
2144
5001
5280
5001
5280
2582
3324
4687
1321
3000
3802
4492
4996
5001
3023
3324
3340
3492
899
2582
3033
1287
3033
3892
2627
576
2933
3324
3324
5702
1751
1978
2243
3340
4629
4492
4933
6353
7008
1928
3839
5585
1923
3156
1335
2858
3340
5033
7048
1190
1442
2243
3277
4492
5539
5693
6353
6836
1593
3324
3743
2270
5033
7008
3324
3340
4779
5001
5001
1015
1650
1859
609
672
850
1190
1507
2964
3324
5001
5384
5844
7015
655
1969
2451
2455
2582
5737
6836
1190
3224
5001
5223
6353
1424
1965
3275
6759
2582
5221
5438
5982
6723
1424
1965
2727
2858
1848
3324
7048
5591
2243
2341
4687
4904
699
2121
3324
4038
4535
5417
5876
3340
4059
3023
3277
6352
2332
6353
899
2243
3324
3492
6402
3255
3853
6402
2892
6227
11
3324
3492
3943
4904
6093
11
5766
2727
3304
3324
5766
6093
672
5854
6155
1204
1442
3006
3492
5001
5162
5221
5539
7003
6758
6093
6202
763
5001
5001
3033
4779
3839
2289
1267
6353
7008
1528
6155
1527
3839
7015
2243
3324
4492
4715
1965
2270
5001
5330
576
1312
3324
3341
3504
5793
3324
3341
5793
850
1010
1985
3324
3385
3966
5527
6585
6596
2727
3324
4038
5532
850
3324
3943
2243
3275
3492
6397
6708
6858
6867
1000
2099
3275
3340
3492
3839
6708
6858
1192
2828
3839
919
1015
2727
3038
3128
4492
4741
5398
5793
7008
3033
1424
1965
2858
3492
3662
4002
3038
303
5571
576
6402
1413
2243
2582
3138
3144
4492
5162
5876
5879
7015
850
1777
2933
2433
3324
3340
3324
3760
4038
2911
3255
847
6402
7015
166
657
899
2243
4383
4474
4492
4821
6507
655
2451
2455
2727
5219
54
960
1047
3340
6402
5001
6243
850
919
2130
2351
3324
5105
6737
2632
2911
3526
2351
3038
3492
419
3033
3033
1848
6155
3324
5001
2727
3340
3340
2243
5876
4510
654
919
1190
1424
1965
2384
2858
2911
4492
4794
5162
5539
6025
1893
3340
3576
3324
3351
1969
2351
2907
3324
4437
6848
6915
3324
5221
5700
973
4904
5211
3341
5641
166
185
811
850
2582
2727
3033
3035
4492
4996
5162
5693
6059
6093
6848
1215
1217
1978
5876
1335
2625
2632
2911
3526
4836
7015
5876
2625
2911
5876
2625
5876
2625
5876
2625
5288
5876
1335
2625
5876
5221
5876
1469
1488
2243
2386
2433
3313
5162
5876
5882
5885
6565
5876
5876
4836
5033
5288
576
909
960
1632
2933
3829
5384
5891
6470
6470
2727
3304
3324
5344
6402
331
899
2509
3324
3640
6155
2509
3640
5279
2727
3340
4302
54
1015
2763
3324
3623
166
2239
2243
2384
2727
3910
1593
3942
3324
487
5827
5876
166
4408
4410
4996
6848
576
3839
237
1190
3340
4836
5162
6353
3713
3760
3839
1715
5221
5700
1287
3839
6402
3033
5001
576
899
957
2243
3324
5162
5279
2289
3324
6402
3823
6402
3571
1190
1442
2243
2386
3045
3324
3492
4779
5162
6353
6402
576
2509
3168
3390
1978
4474
919
1190
1424
1507
1965
3004
3033
3324
3966
5001
6836
3385
2017
5850
919
2384
5850
3038
1859
11
2137
6433
4492
5161
4940
1460
1947
2727
3340
6155
3876
4904
5357
7048
1428
1965
3324
5525
731
899
924
2433
2702
2727
3038
3039
3324
3340
3545
3839
4289
4687
4741
5001
5805
5850
5982
6397
6488
2289
3884
6402
899
2137
2433
3324
3662
4530
4939
4996
3023
3943
4794
5827
2243
3033
3996
4731
5162
6537
576
5280
3324
672
1442
2243
3324
4687
5693
5961
6577
960
1047
3340
6402
1378
2172
5585
2433
3324
3341
847
850
5973
2633
2911
3155
899
3033
5001
5001
3492
919
2582
3968
4534
6155
3340
1588
2351
2433
2727
3340
4304
4493
2243
2625
2633
5287
4492
1978
2428
4257
6238
3324
6402
6858
6402
4662
6617
3324
3033
1015
2243
5161
3033
3340
2289
3033
3340
3340
4358
1204
2727
5539
6106
6261
362
774
1620
2243
4233
4465
4996
6749
3037
3839
4631
6402
3324
6402
3178
1593
3324
3943
6402
1424
1965
3640
4038
2515
2243
2386
3492
4492
5161
7048
2415
3324
3839
5001
6032
5302
6032
2477
3839
6402
1204
5001
5539
5591
924
3839
2176
919
899
3839
4038
3275
1593
2243
2386
5693
2633
2911
5033
5001
5001
3275
3324
4582
4687
1969
5660
5876
212
6433
3340
185
2582
4492
5033
6093
7008
3324
5438
185
3033
3802
6202
1287
5585
2420
2527
2933
4479
6093
6912
3324
6093
3033
3035
4996
7048
1190
2243
4492
237
2633
4492
5287
7008
5148
2727
2964
4996
5700
5876
6967
2526
811
3340
609
6537
391
3324
3839
1442
2243
4996
5162
609
5033
6093
7008
5033
5287
2751
4059
4589
5774
6758
6848
6525
5033
5287
3138
3855
5162
3033
3839
6402
850
3324
899
2270
3111
2727
3340
2793
3033
6093
7018
7048
919
4426
5001
1965
2858
3138
3340
3943
6166
193
810
1190
1312
1335
1436
1442
1874
1875
1987
2243
2384
2633
2727
3255
4864
4904
5591
5766
6093
6352
6353
2203
3224
3324
3340
3943
4662
5001
4492
6353
6402
237
2633
4430
3277
576
654
2243
2386
4437
5223
5230
5876
6294
7015
5033
7008
3324
5221
6155
1893
2270
391
1015
3839
1343
2243
3324
4655
5001
6705
6858
3340
5001
1588
3023
3324
3406
5001
5013
5389
3340
2289
5867
899
2243
2289
2386
3324
3390
3743
5001
6858
11
1930
2270
3199
3324
3839
3910
3839
6705
4886
4904
5344
6093
3304
3324
5001
6093
6166
1893
3302
899
3743
6140
3839
6050
4904
6093
3340
3839
6166
6633
6155
1121
3839
6140
11
1424
1965
2858
3623
4904
5211
5001
6157
576
810
1372
1811
1893
3302
5990
6016
6155
6760
6914
3324
3340
1893
5001
11
1248
3340
3492
6525
1893
2215
2858
3340
4106
4864
4904
4996
5217
5221
6093
6155
6353
6402
11
899
1978
3275
899
5001
6402
3324
2243
5280
6093
2933
576
899
1248
3077
3324
3340
3943
6093
1015
3324
4492
5822
147
1287
4904
2428
3302
3304
4904
6093
3324
4038
672
11
1378
1965
2885
3879
3966
4904
4996
5357
5541
2632
2911
3324
3340
3076
6402
3156
1965
5211
5746
6093
5401
5439
1773
3351
3662
3839
6166
6633
6093
7008
6093
5221
1121
1893
3340
3943
6093
6166
166
4338
4492
3023
4866
95
850
899
2243
2386
3324
3390
3839
4830
5161
5693
4779
6093
1190
391
2674
3324
3340
3351
3943
4459
6106
6166
3324
3966
4479
6207
3942
5867
6093
156
1533
2633
2911
3255
4921
5072
5207
5598
6815
6939
2239
2243
2264
2633
3073
4996
5620
6093
6212
5211
6093
6673
101
1620
3324
3394
4866
5221
5439
5525
6769
3943
6402
576
1507
1874
4866
5302
1045
2087
3185
4867
6402
1143
2243
4304
5162
4337
5001
6093
6151
4465
3492
1248
1969
3324
5217
6093
899
6093
1893
2964
6106
899
6093
2992
6397
6402
3033
3324
3839
4324
799
1204
2428
4655
5539
1204
2046
5539
6353
1204
5435
6353
3385
3984
147
919
4492
6353
6402
2433
6507
2433
3255
4492
4835
5162
3839
4304
5384
3324
4687
6710
6749
3033
3340
3351
6093
6166
6397
6353
3324
6258
3324
3839
5384
5654
2727
3033
3304
3324
5539
6093
899
4492
6026
6402
6411
4492
7008
3839
1978
2258
3989
4038
6402
1859
5735
1833
3324
3340
4038
6271
6537
7015
512
1874
1875
4492
6353
5405
7015
1287
4295
4002
6093
56
1424
1965
4338
903
2425
3492
4820
6402
1335
1896
1190
1442
2243
3045
3345
4655
6283
6353
6577
4492
850
1507
2207
3324
3356
3492
5221
5384
5854
7015
7008
2243
2386
4996
5693
4719
1436
1442
4492
5066
847
3223
4662
4886
6397
1190
3324
4502
5001
5279
1685
3910
3912
6026
6299
6529
1685
3910
4996
5876
6026
1374
1833
3276
5001
6858
4492
6703
680
1257
2243
3277
4492
4726
4866
7008
3324
3839
54
166
1847
2203
2433
3324
6836
672
6402
423
2907
4504
5001
5287
5876
6578
1923
7048
1893
5439
2289
3058
3340
3345
5001
5973
6353
2633
2911
5287
6319
2911
6319
3304
5162
6093
6102
7048
1799
1967
2322
3324
5417
5001
5019
899
1893
3340
4900
6705
3324
4038
899
5001
4916
5001
4364
5287
5001
6507
2933
6155
6202
1121
1248
6202
166
2210
166
3324
4338
5162
6442
1978
3324
3432
3640
147
847
850
855
1985
3324
3595
4662
5001
799
3304
7048
5280
6343
5033
5287
3038
3324
4038
3033
3035
7008
7018
2633
2727
4681
5033
5288
5927
6853
3277
6352
5670
7048
2243
2727
5162
5287
3324
3340
4335
5001
1190
2243
2386
2430
2451
2455
4492
5232
5693
2938
166
822
1507
3033
4218
6507
6734
2289
2351
4687
2727
7008
1118
6381
4341
5401
2625
4221
4665
4895
5549
7015
3640
822
5439
2433
3839
439
3340
563
899
3968
6402
1418
3324
5919
166
2149
3324
4171
3033
3035
3138
3324
3743
3943
5221
6402
1937
4474
6393
6402
5001
6402
6402
6402
1893
6402
3324
3340
4533
5001
6093
6155
7015
6402
4492
6353
6402
6393
6402
6402
1532
6402
6404
6406
924
1190
2084
2243
2386
2582
2952
2961
5439
6402
7048
576
6402
1576
6297
1965
3033
5001
6402
7015
822
4479
3340
6421
6417
6421
3033
2627
6426
6426
7008
6426
2932
3324
5001
6426
2964
903
6426
6426
2582
5344
6397
6402
6397
121
2351
3324
362
774
1507
2932
3098
3340
6126
1535
6284
3255
6353
3294
3302
6155
1335
2633
5033
6353
6537
7023
1751
1848
2542
3324
2264
2632
5288
6446
1190
1442
2239
2243
2386
2633
3304
4059
4996
5162
6573
6577
6976
7008
7048
3033
3340
3340
6449
3324
3340
6449
6449
3340
6449
3340
6449
54
850
861
1507
5221
5870
7008
5867
924
1121
3786
3839
11
541
1413
2727
3033
3062
3324
4768
5108
451
1893
1847
3505
6848
5033
5288
6612
3340
5001
2180
2727
2933
4245
2932
4123
905
1969
2243
3033
3324
3966
4256
4492
4655
5439
672
3160
3324
3340
5670
3223
5001
3948
4102
2144
6397
6402
1442
3277
917
7003
7015
1507
2317
3324
6397
7048
2582
1875
609
2632
5288
5415
6483
4996
5001
3324
731
2341
3033
3038
3324
3743
3839
4492
4687
5001
5850
6525
6978
3324
3943
4589
4492
5162
5033
5211
5217
5288
6093
6493
2057
2058
3013
3014
4358
4792
6498
7018
7048
2057
2059
3013
3014
4792
7018
7048
166
567
1190
1965
2633
2911
4105
4492
5162
6353
7008
5001
6093
1859
5906
553
899
3386
3989
5532
5591
6402
7008
850
2243
2351
2409
2433
3138
5162
6353
850
3385
3839
6025
1190
1442
2243
2386
2430
2727
5001
5162
5435
6350
1958
2727
5693
3033
1287
4589
5512
5906
40
6217
6534
6769
2243
3033
4996
147
1893
1965
2207
5005
7048
899
1685
3910
3912
3943
5384
6299
3160
5001
5221
5670
6798
7048
1321
3294
3302
3304
4779
166
899
1287
5001
576
6410
1078
1335
6537
3839
1753
4607
5973
6495
1380
2093
3340
3948
5001
6617
3224
5001
6551
6551
6596
7008
330
899
3839
6705
3306
7048
5033
5288
3324
3340
303
2627
2633
1978
6402
3324
4038
4629
1978
5033
5287
237
1442
2911
1442
3045
5162
6352
1507
2526
2948
3033
4784
6071
9
2243
3033
3324
3683
3684
1896
1015
6270
3511
2243
2727
4492
3255
3340
6585
3037
4038
6402
3839
4331
576
1424
1965
2425
3033
4389
5161
6585
1204
5162
5288
5462
5876
7018
7048
4383
7008
4726
5001
5162
919
1287
1893
2130
2351
3324
3535
3968
6836
1753
2770
4607
6541
3385
576
3033
3324
166
1751
4038
4383
4423
5221
576
3839
3948
5973
826
2384
4904
4996
5211
5217
6093
2633
2911
5001
1442
6381
2203
3324
3340
5326
5414
5591
400
4298
6486
7008
3948
6617
1461
3948
5973
6617
3948
6617
7008
3948
6617
7008
2846
3948
6617
7008
3948
6617
565
3948
5033
5288
6617
7008
2314
3340
3839
2727
6402
512
4904
5211
5221
3651
5973
6617
2351
2582
1893
2379
1978
654
919
2451
5232
6644
2933
3095
2137
2451
2456
4492
4893
5033
6499
7008
1893
4996
5148
1335
2451
4655
1190
1442
2633
2911
6499
7008
3385
4364
850
2341
3867
4262
4687
3033
6093
6102
576
4996
850
924
4996
6402
6659
2633
2046
3127
5033
5288
2633
5033
5288
6543
672
1190
1507
1969
2582
4492
6402
5299
2243
1199
166
1190
5033
5162
7008
11
576
2243
3154
3160
4002
4492
5001
850
5439
4492
919
1190
2243
2384
2727
4996
5876
166
1287
3340
6365
6682
166
2149
3024
6682
1519
6915
7048
1771
2243
2386
4667
4687
5162
5693
3595
4866
2433
3492
3743
3304
3324
4904
6093
6155
3033
3492
5211
6093
7048
2243
4492
5162
2351
2433
3033
4108
4996
2137
2748
4996
7015
1715
3324
3351
576
6706
3340
5001
3076
3168
3492
6723
3839
6713
850
1477
2933
3171
3200
4317
6963
1204
6550
6551
6719
3252
1204
6551
850
1477
2933
3171
3200
4317
4662
6715
7018
7048
1965
1967
3324
3340
3492
3640
3966
6723
6724
6798
6826
3876
4779
7048
1287
1121
1460
1711
2341
5843
6551
1204
1791
6551
6552
6608
6719
3293
1965
2243
4492
5162
1204
2137
2864
4792
6551
6552
6719
6723
7018
7048
1204
5347
6551
6719
6743
1204
6551
6552
6719
1967
2938
4534
6358
1965
2270
5344
362
774
1985
2243
3324
6202
6353
6737
6848
1204
6551
6552
6719
1967
1204
5280
5286
6551
6552
6719
1204
6551
6552
6719
7048
1204
6551
6552
6719
3324
1507
1833
2582
3255
3760
3943
4262
5125
5161
6507
6596
6976
3839
7018
7048
1015
3324
3345
1190
2964
5318
2633
5033
3535
5906
1424
1965
2858
4038
4794
1442
6533
5001
2243
5162
2122
3033
3035
6397
7015
513
1204
2633
5287
2851
6402
2964
6353
1424
1958
1965
3613
4886
303
1335
6402
4167
1427
3324
3839
4779
5783
3033
4492
5001
5161
615
4253
4534
3385
909
3324
4341
5269
6481
1204
3324
5539
2243
2386
4492
3943
5001
237
1442
2243
3255
3304
5217
6093
5211
1969
3304
6093
1969
3304
6093
1969
3304
6093
4904
6093
2243
4492
5693
672
1833
1969
2231
2243
2341
2964
3038
3248
3324
3359
3683
4492
4687
4715
6384
7015
2568
2582
3324
3324
3390
3839
6633
3946
4492
7008
6708
1130
2911
5001
1965
960
3324
3340
3839
3943
4779
5310
6096
1190
1965
2137
3004
3324
4492
5162
6353
1978
2243
2386
3324
5543
1378
2172
5585
3324
6354
6798
5001
4866
1685
3385
6026
3033
3640
4437
3340
4038
919
3160
3324
2322
3324
6836
3943
4038
4257
5439
5670
6354
6778
7048
5221
2243
2386
4662
4794
101
4364
1442
2231
2243
2389
3304
4492
5287
5415
6093
3324
3324
3548
5221
850
3033
3324
3492
4364
5221
5700
6848
6093
6848
1969
7008
5280
576
810
1477
1893
3324
4037
3255
3304
4492
5693
6093
6353
6608
7018
1507
3033
4589
5033
5288
7048
672
919
1190
1507
3324
3966
5001
5384
6093
6836
654
1969
2582
5232
6612
3324
3839
65
1000
1121
6737
3033
5982
54
1361
4904
5620
2627
3277
5287
3033
1939
2384
2582
3345
2737
3033
5344
3324
130
655
799
850
1204
1532
1893
1969
2239
2243
2319
2428
2451
2455
2793
3294
3302
3304
3320
4176
4296
4474
4836
5539
6093
6238
6853
1893
1848
2105
3492
4162
5310
5438
5867
6353
3385
6523
1424
1965
4866
5439
1424
1965
4468
6093
6102
3033
3035
6350
919
6913
6914
5033
7008
5001
2243
2386
2430
4996
2243
2574
3111
3324
5001
5884
1879
3302
4278
5033
5287
5774
6758
3324
1808
3324
4784
6579
3033
3035
7008
2633
4492
5288
7008
919
2243
3255
4492
4996
6534
7048
6915
6914
3324
3839
6963
4492
6402
5288
4492
2239
3255
5288
7008
2911
5033
7008
5001
5066
2488
2911
850
4996
6659
3839
5417
2137
2582
202
3324
3340
3033
4768
1424
1493
1811
1965
2582
3345
5161
6402
3223
3492
4162
2633
2911
2633
6034
5001
2289
5118
2633
2911
6951
7008
2633
2911
5033
5599
6353
2633
2911
61
5217
6093
166
2149
5700
1233
2444
6915
6093
811
655
899
2433
2451
2455
5232
7008
6914
2724
3324
6206
4670
4996
5001
5973
4492
5162
5280
1469
2243
2335
2582
4492
5162
5876
6974
2243
5162
7048
3324
4492
5161
4904
5211
5217
6093
6983
872
3033
3035
5001
3324
4779
1442
2633
2911
11
822
1015
1893
2137
2582
3876
5161
5211
5217
5620
6093
6353
6353
655
2582
3033
5232
6353
6991
5001
2243
2911
4098
5280
6297
6353
6854
7015
576
899
1685
2727
3138
3340
3910
5401
6026
6298
6299
6542
6848
1685
1190
3277
3340
6353
2351
4474
1763
2243
2582
5280
7004
5280
5280
7006
5280
5001
4492
5033
7008
2289
2727
3324
3340
6034
4768
2084
2582
3033
6402
7048
362
774
5001
1965
2858
3378
576
3552
4474
7019
2633
2911
4492
5033
5287
6353
7018
1965
4492
1969
2243
2386
3033
5162
2203
2351
3070
5221
3576
1121
1751
3839
7048
3324
3853
6705
1287
6687
576
3324
5670
6858
7036
3492
7036
3138
7036
5033
5287
672
3492
6848
899
5001
5005
3324
11
899
1978
3341
5279
3033
2243
1896
2907
3601
4504
6417
6426
1488
1967
2926
