2
2
4
9
11
11
11
11
11
11
11
11
11
11
11
11
11
11
11
11
11
11
11
11
11
11
11
11
11
11
11
11
11
11
11
11
11
11
11
11
11
11
11
11
11
11
11
11
11
11
11
11
11
11
11
11
11
11
11
11
11
11
11
11
11
11
11
11
11
11
11
11
22
22
31
33
37
37
37
37
37
37
37
37
39
39
39
40
40
54
54
54
54
54
54
54
54
54
54
54
54
54
54
54
54
54
54
54
54
54
54
54
54
54
54
54
54
54
54
54
54
54
54
54
54
54
54
56
56
56
56
56
56
56
56
56
58
59
59
61
61
62
62
62
62
62
64
65
65
65
65
67
67
68
68
75
75
75
75
75
80
83
83
88
90
95
95
95
97
97
97
97
98
101
101
101
101
101
101
101
101
121
121
121
121
124
124
130
133
147
147
147
147
147
147
147
147
147
156
157
157
157
157
157
157
157
157
166
166
166
166
166
166
166
166
166
166
166
166
166
166
166
166
166
166
166
166
166
166
166
166
166
166
166
166
166
166
166
166
166
166
166
166
166
166
166
166
166
166
166
166
166
166
166
166
166
166
166
166
166
166
166
166
166
166
166
166
166
166
166
166
166
166
166
166
166
166
166
166
166
166
166
166
166
166
166
166
166
166
166
166
166
166
166
166
166
166
166
166
166
166
166
166
166
166
166
166
166
166
166
166
166
166
166
166
166
166
166
166
166
166
166
169
175
183
183
185
185
185
185
185
191
193
201
202
202
202
202
202
202
202
202
202
202
202
202
204
204
205
207
207
207
207
207
212
213
217
218
218
218
218
218
218
218
222
224
226
226
226
226
229
234
234
234
234
235
237
237
237
237
237
237
237
237
237
237
237
237
237
237
237
237
237
237
237
237
237
237
237
237
237
237
237
237
237
242
247
262
262
262
262
263
264
267
268
268
268
268
274
274
275
300
302
302
303
303
303
303
303
303
303
303
303
303
303
303
303
303
306
311
312
312
313
313
329
329
330
330
330
331
331
331
331
331
331
331
331
337
345
345
345
350
351
354
358
358
358
358
358
358
358
358
358
358
358
358
358
358
358
358
362
362
362
362
362
362
362
362
362
362
362
362
362
362
363
363
363
363
363
363
363
368
385
391
391
391
391
391
391
391
396
400
400
403
403
403
412
412
412
414
414
414
419
419
419
419
419
419
419
423
429
433
433
435
437
437
438
438
438
439
439
439
444
449
449
449
449
450
450
450
450
450
450
450
451
451
451
457
471
474
474
474
474
487
493
494
503
508
512
512
512
512
512
512
512
512
512
512
513
513
514
514
514
514
514
514
514
514
514
514
514
514
514
514
514
514
514
519
521
533
533
541
543
543
543
543
551
551
553
553
563
563
563
563
565
567
569
572
572
573
576
576
576
576
576
576
576
576
576
576
576
576
576
576
576
576
576
576
576
576
576
576
576
576
576
576
576
576
576
576
576
576
576
576
576
576
576
576
576
576
576
576
576
576
576
576
576
576
576
576
576
576
576
576
576
576
576
576
576
576
576
576
576
576
576
576
576
576
576
576
576
576
576
576
576
576
576
576
576
576
576
576
576
576
576
576
576
576
576
576
576
576
576
576
576
576
576
576
576
576
576
576
576
576
576
576
576
576
576
576
576
576
576
586
586
586
586
586
597
601
609
609
609
609
609
609
609
609
609
611
611
615
615
615
615
617
617
617
617
620
624
624
642
643
646
647
648
648
648
648
654
654
654
654
654
654
654
655
655
655
655
655
655
655
655
655
655
655
655
655
655
655
655
655
655
657
657
657
657
657
657
657
658
667
667
667
670
672
672
672
672
672
672
672
672
672
672
672
672
672
672
672
672
672
672
672
672
672
672
672
672
672
672
672
672
672
672
672
672
672
672
672
672
672
672
672
672
672
672
672
672
672
672
672
672
672
672
672
672
672
672
672
672
672
672
672
672
672
672
672
672
672
672
672
672
672
672
672
672
672
674
680
680
680
680
680
680
680
680
680
680
699
699
699
699
699
699
699
699
699
699
699
699
699
699
699
699
708
720
722
725
729
731
731
734
740
743
763
763
767
767
774
774
774
774
774
774
774
774
774
774
774
774
774
774
774
774
780
783
786
786
788
794
799
799
799
799
799
799
799
799
799
799
799
799
799
799
799
799
799
799
799
799
799
807
810
810
810
810
810
810
811
811
811
811
811
811
811
811
811
811
811
820
822
822
822
822
822
822
822
822
822
822
822
822
822
822
822
822
822
822
822
822
822
822
822
822
822
822
822
822
826
826
826
826
826
826
826
826
826
826
834
834
835
837
837
837
837
847
847
847
847
847
847
847
847
847
847
847
849
850
850
850
850
850
850
850
850
850
850
850
850
850
850
850
850
850
850
850
850
850
850
850
850
850
850
850
850
850
850
850
850
850
850
850
850
850
850
850
850
850
850
850
850
850
850
850
850
850
850
850
850
850
850
850
850
850
850
850
850
850
850
850
850
850
850
850
850
850
850
850
850
850
850
850
850
850
850
850
850
850
850
850
850
850
855
855
855
861
861
861
861
867
872
872
872
872
872
872
873
873
873
874
877
880
880
880
880
880
880
881
889
894
894
899
899
899
899
899
899
899
899
899
899
899
899
899
899
899
899
899
899
899
899
899
899
899
899
899
899
899
899
899
899
899
899
899
899
899
899
899
899
899
899
899
899
899
899
899
899
899
899
899
899
899
899
899
899
899
899
899
899
899
899
899
899
899
899
899
899
899
899
899
899
899
899
899
899
899
899
899
899
899
899
899
899
899
899
899
899
899
899
899
899
899
899
899
899
899
899
899
899
899
899
899
899
899
899
899
899
899
899
899
899
899
899
899
899
899
899
899
899
899
899
899
899
899
899
899
899
899
899
899
899
899
899
899
899
899
899
899
899
899
899
899
899
899
899
899
899
899
899
899
901
903
903
903
903
903
903
903
903
903
903
903
905
909
909
909
909
909
909
909
909
909
909
917
917
917
917
919
919
919
919
919
919
919
919
919
919
919
919
919
919
919
919
919
919
919
919
919
919
919
919
919
919
919
919
919
919
919
919
919
919
919
919
919
919
919
919
919
919
919
919
919
919
919
919
919
919
924
924
924
924
924
924
924
924
924
924
924
924
924
924
924
924
924
924
924
924
924
924
924
924
924
924
924
924
924
924
924
924
924
924
932
932
932
940
955
957
960
960
960
960
960
960
960
960
960
960
963
968
973
973
973
973
973
974
974
984
985
1000
1000
1000
1000
1000
1000
1000
1000
1000
1000
1000
1000
1000
1000
1010
1010
1015
1015
1015
1015
1015
1015
1015
1015
1015
1015
1015
1015
1015
1015
1015
1015
1015
1015
1015
1015
1015
1015
1015
1015
1015
1015
1015
1015
1015
1015
1015
1015
1015
1015
1015
1015
1015
1015
1015
1015
1015
1015
1015
1015
1015
1015
1015
1015
1015
1015
1015
1015
1015
1015
1015
1015
1015
1015
1015
1015
1015
1023
1023
1023
1035
1036
1045
1047
1047
1047
1047
1073
1078
1078
1078
1088
1090
1090
1090
1094
1094
1118
1118
1118
1121
1121
1121
1121
1121
1121
1121
1121
1121
1121
1121
1121
1121
1121
1121
1121
1121
1123
1123
1125
1130
1130
1130
1130
1130
1130
1130
1130
1130
1143
1143
1143
1157
1158
1161
1162
1180
1180
1182
1188
1190
1190
1190
1190
1190
1190
1190
1190
1190
1190
1190
1190
1190
1190
1190
1190
1190
1190
1190
1190
1190
1190
1190
1190
1190
1190
1190
1190
1190
1190
1190
1190
1190
1190
1190
1190
1190
1190
1190
1190
1190
1190
1190
1190
1190
1190
1190
1190
1190
1190
1190
1190
1190
1190
1190
1190
1190
1190
1190
1190
1190
1190
1190
1190
1190
1190
1190
1190
1190
1190
1190
1190
1190
1190
1190
1190
1190
1190
1190
1190
1190
1190
1192
1192
1194
1194
1194
1194
1194
1194
1194
1194
1199
1201
1204
1204
1204
1204
1204
1204
1204
1204
1204
1204
1204
1204
1204
1204
1204
1204
1204
1204
1204
1204
1204
1204
1204
1204
1204
1204
1204
1204
1204
1204
1204
1204
1204
1204
1204
1204
1204
1204
1204
1204
1204
1204
1204
1204
1204
1204
1204
1215
1215
1215
1217
1217
1221
1233
1233
1235
1235
1235
1235
1235
1235
1248
1248
1248
1248
1248
1248
1248
1248
1248
1248
1248
1248
1248
1248
1255
1257
1257
1257
1259
1259
1259
1263
1263
1266
1266
1267
1267
1267
1267
1267
1267
1267
1267
1267
1267
1268
1272
1272
1274
1274
1287
1287
1287
1287
1287
1287
1287
1287
1287
1287
1287
1287
1287
1287
1287
1287
1287
1287
1287
1287
1287
1287
1287
1287
1287
1287
1287
1287
1287
1287
1287
1287
1287
1287
1287
1287
1287
1287
1287
1287
1287
1287
1287
1287
1287
1287
1287
1287
1287
1287
1287
1287
1290
1296
1296
1296
1296
1296
1296
1296
1296
1296
1296
1297
1299
1303
1303
1303
1306
1308
1311
1311
1311
1311
1311
1311
1312
1312
1312
1312
1316
1316
1317
1318
1318
1318
1318
1318
1318
1318
1318
1318
1321
1321
1323
1323
1335
1335
1335
1335
1335
1335
1335
1335
1335
1335
1335
1335
1335
1335
1335
1335
1335
1335
1335
1335
1335
1335
1335
1335
1335
1335
1335
1335
1335
1335
1335
1335
1335
1335
1335
1335
1335
1335
1335
1335
1335
1335
1335
1335
1335
1335
1335
1335
1335
1335
1335
1335
1335
1335
1335
1335
1335
1335
1335
1335
1335
1335
1335
1335
1335
1335
1335
1335
1335
1339
1341
1341
1341
1343
1343
1343
1343
1346
1346
1346
1348
1354
1356
1361
1361
1361
1361
1361
1361
1361
1372
1372
1373
1374
1374
1374
1374
1374
1374
1374
1374
1374
1374
1374
1374
1374
1374
1374
1374
1374
1377
1377
1377
1377
1377
1377
1377
1377
1377
1377
1378
1378
1378
1378
1378
1379
1379
1379
1379
1380
1382
1382
1382
1383
1384
1405
1410
1413
1413
1413
1413
1413
1418
1418
1418
1418
1418
1419
1420
1424
1424
1424
1424
1424
1424
1424
1424
1424
1424
1424
1424
1424
1424
1424
1424
1424
1424
1424
1424
1424
1424
1424
1424
1424
1424
1424
1424
1424
1424
1424
1424
1424
1424
1424
1424
1424
1424
1424
1424
1424
1424
1424
1424
1424
1424
1424
1424
1424
1424
1426
1426
1427
1428
1428
1430
1436
1436
1436
1436
1436
1440
1442
1442
1442
1442
1442
1442
1442
1442
1442
1442
1442
1442
1442
1442
1442
1442
1442
1442
1442
1442
1442
1442
1442
1442
1442
1442
1442
1442
1442
1442
1442
1442
1442
1442
1442
1442
1442
1442
1442
1442
1442
1442
1442
1442
1442
1442
1442
1442
1442
1442
1442
1442
1442
1442
1442
1442
1442
1442
1442
1442
1442
1442
1442
1442
1442
1442
1442
1442
1442
1442
1442
1442
1442
1442
1442
1442
1442
1442
1442
1442
1442
1442
1442
1442
1442
1442
1442
1442
1442
1442
1442
1442
1442
1442
1442
1445
1445
1445
1447
1447
1450
1450
1450
1450
1460
1460
1460
1461
1469
1469
1469
1473
1477
1477
1477
1477
1477
1477
1480
1480
1480
1488
1488
1488
1493
1493
1493
1493
1493
1500
1500
1507
1507
1507
1507
1507
1507
1507
1507
1507
1507
1507
1507
1507
1507
1507
1507
1507
1507
1507
1507
1507
1507
1507
1507
1507
1507
1507
1507
1507
1507
1507
1507
1507
1507
1507
1507
1507
1507
1507
1507
1507
1507
1507
1507
1507
1507
1507
1507
1507
1507
1507
1507
1507
1507
1507
1507
1507
1507
1507
1507
1507
1507
1507
1510
1510
1519
1519
1519
1519
1527
1527
1528
1529
1532
1532
1532
1532
1532
1533
1535
1544
1552
1552
1552
1558
1564
1564
1564
1565
1574
1576
1576
1576
1576
1588
1588
1588
1588
1588
1588
1588
1588
1589
1593
1593
1593
1593
1593
1593
1593
1593
1593
1593
1593
1593
1593
1593
1593
1593
1593
1593
1593
1593
1593
1593
1593
1594
1594
1604
1607
1608
1608
1608
1610
1620
1620
1620
1620
1620
1620
1624
1624
1624
1627
1627
1627
1627
1627
1627
1627
1632
1632
1632
1632
1638
1642
1642
1642
1643
1643
1650
1650
1650
1650
1650
1653
1660
1660
1660
1660
1670
1670
1670
1673
1673
1673
1673
1673
1681
1684
1685
1685
1685
1685
1685
1685
1685
1685
1685
1685
1685
1685
1685
1685
1685
1685
1686
1700
1708
1708
1708
1711
1712
1712
1712
1715
1715
1715
1715
1715
1715
1715
1715
1715
1715
1715
1715
1715
1715
1715
1721
1721
1722
1732
1733
1733
1738
1748
1751
1751
1751
1751
1751
1751
1751
1751
1751
1751
1751
1751
1751
1751
1751
1751
1751
1751
1751
1753
1753
1753
1753
1756
1763
1763
1764
1767
1768
1771
1771
1771
1773
1776
1777
1777
1777
1777
1777
1777
1777
1777
1777
1777
1777
1777
1777
1786
1790
1791
1797
1799
1804
1806
1807
1808
1810
1811
1811
1811
1811
1811
1813
1813
1813
1817
1817
1817
1817
1817
1817
1817
1817
1821
1821
1833
1833
1833
1833
1833
1833
1833
1833
1833
1833
1833
1833
1833
1833
1833
1833
1833
1833
1833
1833
1833
1833
1833
1833
1833
1833
1841
1845
1847
1847
1847
1847
1847
1847
1847
1848
1848
1848
1848
1848
1848
1848
1848
1848
1848
1848
1848
1848
1848
1848
1848
1848
1848
1848
1848
1848
1848
1848
1848
1848
1848
1853
1853
1859
1859
1859
1859
1859
1859
1859
1859
1859
1859
1859
1859
1863
1871
1873
1873
1874
1874
1874
1874
1874
1874
1874
1874
1874
1874
1874
1874
1874
1874
1874
1875
1875
1875
1875
1879
1883
1883
1883
1883
1883
1883
1883
1888
1888
1888
1888
1888
1892
1893
1893
1893
1893
1893
1893
1893
1893
1893
1893
1893
1893
1893
1893
1893
1893
1893
1893
1893
1893
1893
1893
1893
1893
1893
1893
1893
1893
1893
1893
1893
1893
1893
1893
1893
1893
1893
1893
1893
1893
1893
1893
1893
1893
1893
1893
1893
1893
1893
1893
1893
1893
1893
1893
1893
1893
1893
1893
1893
1893
1893
1893
1893
1893
1893
1893
1893
1893
1893
1893
1893
1893
1893
1896
1896
1896
1896
1896
1896
1899
1909
1909
1909
1910
1910
1917
1920
1920
1923
1923
1923
1923
1923
1923
1923
1925
1928
1928
1930
1931
1931
1932
1932
1932
1932
1932
1934
1934
1934
1934
1937
1939
1947
1947
1949
1951
1952
1952
1952
1952
1952
1957
1957
1957
1958
1958
1958
1958
1958
1958
1958
1958
1958
1963
1963
1963
1963
1965
1965
1965
1965
1965
1965
1965
1965
1965
1965
1965
1965
1965
1965
1965
1965
1965
1965
1965
1965
1965
1965
1965
1965
1965
1965
1965
1965
1965
1965
1965
1965
1965
1965
1965
1965
1965
1965
1965
1965
1965
1965
1965
1965
1965
1965
1965
1965
1965
1965
1965
1965
1965
1965
1965
1965
1965
1965
1965
1965
1965
1965
1965
1965
1965
1965
1965
1965
1965
1965
1965
1965
1965
1965
1965
1965
1965
1965
1965
1965
1965
1965
1965
1965
1965
1965
1965
1965
1965
1965
1965
1965
1965
1965
1965
1965
1965
1965
1965
1965
1965
1965
1965
1965
1965
1965
1965
1965
1965
1967
1967
1967
1967
1967
1967
1967
1967
1967
1967
1967
1967
1967
1967
1967
1967
1967
1967
1967
1967
1967
1969
1969
1969
1969
1969
1969
1969
1969
1969
1969
1969
1969
1969
1969
1969
1969
1969
1969
1969
1969
1969
1969
1969
1969
1969
1969
1969
1969
1969
1969
1969
1969
1969
1969
1969
1969
1969
1969
1969
1969
1973
1977
1977
1977
1978
1978
1978
1978
1978
1978
1978
1978
1978
1978
1978
1978
1978
1978
1978
1978
1978
1978
1978
1978
1978
1978
1978
1978
1978
1978
1978
1978
1978
1978
1978
1978
1978
1978
1978
1978
1978
1978
1978
1978
1978
1978
1978
1978
1978
1978
1978
1978
1978
1978
1978
1978
1978
1978
1978
1978
1978
1978
1978
1978
1978
1978
1983
1983
1985
1985
1985
1985
1985
1985
1985
1987
1989
1993
1993
1993
1995
1999
2004
2017
2017
2017
2017
2017
2017
2035
2036
2037
2037
2046
2046
2046
2046
2046
2046
2046
2046
2046
2056
2057
2057
2057
2057
2057
2057
2058
2059
2059
2059
2064
2064
2075
2075
2084
2084
2084
2084
2084
2084
2084
2084
2084
2084
2087
2093
2093
2094
2094
2094
2094
2094
2094
2094
2094
2094
2094
2094
2096
2097
2099
2099
2099
2099
2099
2099
2099
2099
2099
2099
2099
2099
2099
2099
2103
2105
2105
2109
2110
2112
2118
2121
2122
2122
2122
2122
2122
2122
2122
2122
2122
2122
2122
2122
2122
2124
2128
2130
2130
2130
2137
2137
2137
2137
2137
2137
2137
2137
2137
2137
2137
2137
2137
2137
2137
2137
2137
2137
2137
2137
2137
2137
2137
2137
2137
2137
2137
2137
2137
2137
2137
2137
2137
2137
2137
2137
2137
2137
2137
2137
2137
2137
2137
2137
2137
2137
2137
2137
2137
2142
2142
2142
2142
2144
2144
2144
2144
2144
2144
2144
2144
2144
2144
2146
2146
2146
2146
2146
2146
2146
2146
2146
2146
2149
2149
2149
2149
2149
2149
2149
2149
2149
2149
2149
2149
2149
2149
2149
2149
2154
2154
2155
2156
2156
2156
2156
2156
2161
2170
2172
2172
2172
2176
2176
2176
2176
2176
2176
2176
2176
2180
2180
2180
2181
2186
2186
2186
2186
2186
2189
2189
2189
2199
2201
2201
2201
2201
2201
2201
2202
2203
2203
2203
2203
2203
2203
2203
2203
2203
2203
2203
2203
2203
2203
2203
2203
2203
2203
2203
2203
2203
2203
2203
2203
2203
2203
2204
2207
2207
2207
2207
2207
2207
2207
2207
2207
2207
2207
2210
2212
2212
2212
2212
2212
2212
2212
2212
2212
2212
2212
2212
2212
2212
2213
2215
2222
2222
2222
2231
2231
2231
2231
2231
2231
2231
2231
2232
2232
2232
2238
2238
2238
2238
2238
2239
2239
2239
2239
2239
2239
2239
2240
2243
2243
2243
2243
2243
2243
2243
2243
2243
2243
2243
2243
2243
2243
2243
2243
2243
2243
2243
2243
2243
2243
2243
2243
2243
2243
2243
2243
2243
2243
2243
2243
2243
2243
2243
2243
2243
2243
2243
2243
2243
2243
2243
2243
2243
2243
2243
2243
2243
2243
2243
2243
2243
2243
2243
2243
2243
2243
2243
2243
2243
2243
2243
2243
2243
2243
2243
2243
2243
2243
2243
2243
2243
2243
2243
2243
2243
2243
2243
2243
2243
2243
2243
2243
2243
2243
2243
2243
2243
2243
2243
2243
2243
2243
2243
2243
2243
2243
2243
2243
2243
2243
2243
2243
2243
2243
2243
2243
2243
2243
2243
2243
2243
2243
2243
2243
2243
2243
2243
2243
2243
2243
2243
2243
2243
2243
2243
2243
2243
2243
2243
2243
2243
2243
2243
2243
2243
2243
2243
2243
2243
2243
2243
2243
2243
2243
2243
2243
2243
2243
2243
2243
2243
2243
2243
2243
2243
2243
2243
2243
2243
2243
2243
2243
2243
2243
2243
2243
2243
2243
2243
2243
2243
2243
2243
2243
2243
2243
2243
2243
2243
2243
2243
2243
2243
2243
2243
2243
2243
2243
2243
2243
2243
2243
2243
2243
2243
2243
2243
2243
2243
2243
2243
2243
2243
2243
2243
2243
2243
2243
2243
2243
2243
2243
2243
2243
2243
2243
2243
2243
2243
2243
2243
2243
2243
2243
2243
2243
2243
2243
2243
2243
2243
2243
2243
2243
2243
2243
2243
2243
2243
2243
2243
2243
2243
2243
2243
2243
2243
2243
2243
2243
2243
2243
2243
2243
2243
2243
2243
2243
2243
2243
2243
2243
2243
2243
2243
2243
2243
2243
2243
2243
2243
2243
2243
2243
2243
2243
2243
2243
2243
2243
2243
2243
2243
2243
2243
2243
2243
2243
2243
2243
2243
2243
2243
2243
2243
2243
2243
2243
2243
2243
2243
2243
2243
2243
2243
2243
2243
2243
2243
2243
2243
2243
2243
2243
2243
2243
2243
2243
2243
2243
2243
2243
2243
2243
2243
2243
2243
2243
2243
2243
2243
2243
2243
2243
2243
2243
2243
2243
2243
2243
2243
2243
2243
2243
2243
2243
2243
2243
2243
2243
2243
2243
2243
2243
2243
2243
2243
2243
2250
2250
2250
2251
2254
2254
2254
2258
2258
2263
2264
2264
2265
2270
2270
2270
2270
2270
2270
2270
2270
2270
2270
2270
2270
2270
2270
2270
2273
2274
2279
2279
2288
2289
2289
2289
2289
2289
2289
2289
2289
2289
2289
2289
2289
2289
2289
2289
2289
2289
2289
2289
2289
2289
2289
2289
2289
2289
2289
2289
2289
2289
2289
2289
2289
2289
2289
2289
2289
2289
2289
2289
2289
2289
2289
2289
2289
2289
2289
2289
2289
2289
2289
2289
2289
2289
2289
2289
2289
2289
2289
2289
2291
2291
2300
2300
2302
2304
2304
2304
2314
2314
2317
2317
2317
2317
2318
2318
2318
2318
2318
2318
2318
2318
2319
2320
2322
2322
2322
2322
2322
2322
2329
2332
2335
2335
2335
2335
2335
2341
2341
2341
2341
2341
2341
2341
2341
2341
2341
2341
2341
2341
2346
2348
2351
2351
2351
2351
2351
2351
2351
2351
2351
2351
2351
2351
2351
2351
2351
2351
2351
2351
2351
2351
2351
2351
2351
2351
2351
2351
2351
2351
2351
2351
2351
2351
2351
2351
2351
2351
2351
2351
2351
2351
2351
2351
2351
2351
2351
2351
2351
2351
2351
2351
2351
2351
2351
2351
2364
2377
2379
2379
2379
2379
2379
2379
2384
2384
2384
2384
2384
2384
2384
2384
2384
2384
2386
2386
2386
2386
2386
2386
2386
2386
2386
2386
2386
2386
2386
2386
2386
2386
2386
2386
2386
2386
2386
2386
2386
2386
2386
2386
2386
2386
2386
2386
2386
2386
2386
2386
2386
2386
2386
2386
2386
2386
2386
2386
2386
2386
2386
2386
2386
2386
2386
2386
2386
2386
2386
2386
2386
2387
2388
2389
2389
2389
2389
2397
2404
2404
2404
2406
2409
2409
2409
2414
2415
2415
2420
2422
2422
2422
2422
2422
2422
2422
2422
2422
2422
2422
2422
2422
2422
2422
2425
2425
2425
2425
2427
2427
2427
2427
2427
2427
2427
2427
2427
2427
2427
2427
2427
2427
2428
2428
2428
2428
2428
2428
2428
2429
2430
2430
2430
2430
2430
2430
2430
2430
2430
2430
2430
2430
2430
2430
2433
2433
2433
2433
2433
2433
2433
2433
2433
2433
2433
2433
2433
2433
2433
2433
2433
2433
2433
2433
2433
2433
2433
2433
2433
2433
2433
2433
2433
2433
2433
2433
2433
2433
2433
2433
2433
2433
2433
2433
2433
2433
2433
2433
2433
2433
2433
2433
2433
2433
2433
2433
2433
2433
2433
2433
2433
2433
2433
2433
2433
2433
2433
2433
2433
2433
2433
2433
2433
2433
2433
2433
2433
2433
2433
2433
2433
2433
2433
2433
2439
2442
2444
2446
2451
2451
2451
2451
2451
2451
2451
2451
2451
2451
2451
2451
2451
2451
2451
2451
2451
2451
2451
2451
2451
2451
2451
2451
2451
2451
2451
2451
2452
2452
2452
2455
2455
2455
2455
2455
2455
2455
2455
2455
2455
2455
2455
2455
2455
2455
2455
2455
2455
2455
2455
2455
2455
2455
2455
2455
2455
2455
2456
2456
2456
2465
2469
2476
2477
2477
2477
2477
2477
2477
2480
2480
2482
2484
2484
2484
2484
2484
2484
2484
2484
2484
2484
2484
2488
2488
2488
2488
2508
2509
2509
2509
2509
2509
2509
2509
2515
2515
2518
2518
2520
2520
2523
2524
2526
2526
2526
2526
2526
2526
2526
2527
2531
2532
2535
2538
2538
2538
2538
2542
2558
2558
2568
2571
2571
2571
2574
2581
2582
2582
2582
2582
2582
2582
2582
2582
2582
2582
2582
2582
2582
2582
2582
2582
2582
2582
2582
2582
2582
2582
2582
2582
2582
2582
2582
2582
2582
2582
2582
2582
2582
2582
2582
2582
2582
2582
2582
2582
2582
2582
2582
2582
2582
2582
2582
2582
2582
2582
2582
2582
2582
2582
2582
2582
2582
2582
2582
2582
2582
2582
2582
2582
2582
2582
2582
2582
2582
2582
2582
2582
2582
2582
2582
2582
2582
2582
2582
2582
2582
2582
2582
2582
2582
2582
2596
2614
2624
2625
2625
2625
2625
2625
2625
2625
2625
2625
2625
2625
2625
2625
2625
2625
2625
2627
2627
2627
2627
2627
2627
2627
2627
2627
2627
2627
2627
2627
2627
2628
2631
2632
2632
2632
2632
2632
2632
2632
2632
2632
2632
2632
2633
2633
2633
2633
2633
2633
2633
2633
2633
2633
2633
2633
2633
2633
2633
2633
2633
2633
2633
2633
2633
2633
2633
2633
2633
2633
2633
2633
2633
2633
2633
2633
2633
2633
2633
2633
2633
2633
2633
2633
2633
2633
2633
2633
2633
2633
2633
2633
2633
2633
2633
2633
2633
2633
2633
2633
2633
2633
2633
2633
2633
2633
2633
2633
2633
2633
2633
2633
2633
2633
2633
2633
2633
2633
2633
2633
2633
2633
2633
2633
2633
2633
2633
2633
2633
2633
2633
2633
2633
2633
2633
2633
2633
2633
2633
2633
2633
2633
2633
2633
2633
2633
2633
2633
2633
2633
2633
2633
2633
2633
2633
2633
2633
2633
2633
2633
2633
2633
2633
2633
2633
2633
2633
2634
2641
2641
2641
2651
2651
2655
2656
2659
2659
2659
2659
2659
2659
2661
2674
2674
2674
2685
2688
2701
2702
2704
2704
2704
2705
2705
2711
2724
2724
2724
2724
2727
2727
2727
2727
2727
2727
2727
2727
2727
2727
2727
2727
2727
2727
2727
2727
2727
2727
2727
2727
2727
2727
2727
2727
2727
2727
2727
2727
2727
2727
2727
2727
2727
2727
2727
2727
2727
2727
2727
2727
2727
2727
2727
2727
2727
2727
2727
2727
2727
2727
2727
2727
2727
2727
2727
2727
2727
2727
2727
2727
2727
2727
2727
2727
2727
2727
2727
2727
2727
2727
2727
2727
2727
2727
2727
2727
2727
2727
2727
2727
2727
2727
2727
2727
2727
2727
2727
2727
2727
2727
2727
2727
2727
2727
2727
2727
2727
2727
2727
2727
2727
2727
2727
2727
2727
2727
2727
2727
2727
2727
2727
2727
2727
2727
2727
2727
2727
2727
2727
2727
2727
2727
2727
2727
2727
2727
2727
2727
2727
2727
2727
2727
2727
2727
2727
2727
2727
2727
2727
2727
2727
2727
2727
2727
2727
2727
2727
2727
2727
2727
2727
2727
2727
2727
2727
2727
2727
2727
2727
2727
2727
2727
2727
2728
2735
2737
2748
2748
2751
2751
2751
2751
2763
2763
2768
2768
2768
2768
2768
2768
2768
2770
2772
2776
2776
2792
2793
2793
2793
2800
2813
2815
2815
2815
2815
2816
2827
2828
2828
2828
2828
2828
2829
2829
2829
2829
2830
2830
2838
2842
2843
2843
2843
2843
2843
2843
2843
2846
2851
2851
2851
2851
2855
2858
2858
2858
2858
2858
2858
2858
2858
2858
2858
2858
2858
2858
2858
2858
2858
2858
2858
2858
2858
2858
2858
2858
2858
2858
2858
2858
2858
2858
2858
2858
2858
2858
2861
2864
2864
2879
2879
2880
2884
2884
2884
2884
2884
2885
2885
2889
2889
2891
2892
2896
2896
2901
2907
2907
2907
2907
2907
2907
2907
2907
2907
2907
2907
2907
2907
2907
2907
2907
2911
2911
2911
2911
2911
2911
2911
2911
2911
2911
2911
2911
2911
2911
2911
2911
2911
2911
2911
2911
2911
2911
2911
2911
2911
2911
2911
2911
2911
2911
2911
2911
2911
2911
2911
2911
2911
2911
2911
2911
2911
2911
2911
2911
2911
2911
2911
2911
2911
2911
2911
2911
2911
2911
2911
2911
2911
2911
2911
2911
2911
2911
2911
2911
2911
2911
2911
2911
2911
2911
2911
2911
2911
2911
2911
2911
2911
2911
2911
2911
2911
2911
2911
2911
2911
2911
2911
2911
2911
2911
2911
2911
2911
2911
2911
2911
2911
2911
2911
2911
2911
2916
2916
2916
2925
2926
2926
2926
2926
2926
2926
2930
2930
2932
2932
2932
2932
2932
2932
2932
2932
2932
2932
2932
2932
2932
2932
2932
2932
2932
2932
2932
2933
2933
2933
2933
2933
2933
2933
2933
2933
2933
2933
2933
2933
2933
2933
2933
2933
2933
2933
2933
2933
2933
2933
2933
2933
2933
2933
2933
2933
2933
2933
2933
2933
2933
2933
2933
2936
2936
2936
2936
2936
2938
2938
2943
2943
2943
2943
2943
2943
2943
2943
2943
2943
2943
2943
2947
2947
2947
2947
2948
2948
2948
2948
2952
2952
2957
2961
2961
2961
2961
2961
2962
2962
2964
2964
2964
2964
2964
2964
2964
2964
2964
2964
2964
2964
2964
2964
2964
2964
2964
2964
2964
2964
2964
2964
2964
2964
2964
2964
2964
2964
2964
2964
2964
2964
2964
2964
2964
2964
2964
2964
2974
2981
2984
2984
2984
2984
2984
2984
2984
2984
2984
2984
2984
2984
2985
2992
2992
2992
2992
2992
2998
2998
2998
2998
3000
3000
3004
3004
3004
3006
3013
3013
3013
3013
3013
3013
3014
3014
3014
3015
3023
3023
3023
3023
3023
3023
3023
3023
3023
3023
3023
3023
3023
3023
3023
3023
3023
3023
3023
3023
3023
3023
3023
3023
3023
3024
3025
3027
3027
3030
3033
3033
3033
3033
3033
3033
3033
3033
3033
3033
3033
3033
3033
3033
3033
3033
3033
3033
3033
3033
3033
3033
3033
3033
3033
3033
3033
3033
3033
3033
3033
3033
3033
3033
3033
3033
3033
3033
3033
3033
3033
3033
3033
3033
3033
3033
3033
3033
3033
3033
3033
3033
3033
3033
3033
3033
3033
3033
3033
3033
3033
3033
3033
3033
3033
3033
3033
3033
3033
3033
3033
3033
3033
3033
3033
3033
3033
3033
3033
3033
3033
3033
3033
3033
3033
3033
3033
3033
3033
3033
3033
3033
3033
3033
3033
3033
3033
3033
3033
3033
3033
3033
3033
3033
3033
3033
3033
3033
3033
3033
3033
3033
3033
3033
3033
3033
3033
3033
3033
3033
3033
3033
3033
3033
3033
3033
3033
3033
3033
3033
3033
3033
3033
3033
3033
3033
3033
3033
3033
3033
3033
3033
3033
3033
3033
3033
3033
3033
3033
3033
3033
3033
3033
3033
3033
3033
3033
3033
3033
3033
3033
3033
3033
3033
3033
3033
3033
3033
3033
3033
3033
3033
3033
3033
3033
3033
3033
3033
3033
3033
3033
3033
3033
3033
3033
3033
3033
3033
3033
3033
3033
3033
3033
3033
3033
3033
3033
3033
3033
3033
3033
3033
3033
3033
3033
3033
3033
3033
3033
3033
3033
3033
3033
3033
3033
3033
3033
3033
3033
3033
3033
3033
3033
3033
3033
3033
3033
3033
3033
3033
3033
3033
3033
3033
3033
3033
3033
3033
3033
3033
3033
3033
3033
3033
3033
3033
3033
3033
3033
3033
3033
3033
3033
3033
3033
3033
3033
3033
3033
3033
3033
3033
3033
3033
3033
3033
3033
3033
3033
3033
3033
3033
3033
3033
3033
3033
3033
3033
3033
3033
3033
3033
3033
3033
3033
3033
3033
3033
3033
3033
3033
3033
3033
3033
3033
3033
3033
3033
3033
3035
3035
3035
3035
3035
3035
3035
3035
3035
3035
3035
3035
3035
3035
3035
3035
3035
3035
3035
3035
3035
3035
3035
3035
3035
3035
3035
3037
3037
3037
3037
3037
3038
3038
3038
3038
3038
3038
3038
3038
3038
3038
3038
3038
3038
3038
3038
3038
3038
3038
3038
3038
3038
3038
3038
3038
3038
3038
3038
3039
3039
3043
3044
3045
3045
3045
3045
3045
3045
3045
3045
3045
3045
3045
3045
3045
3045
3046
3055
3056
3058
3060
3062
3070
3073
3073
3073
3076
3076
3076
3076
3076
3076
3076
3076
3076
3076
3076
3076
3076
3076
3076
3076
3076
3076
3077
3077
3077
3077
3091
3093
3095
3095
3096
3096
3096
3096
3096
3096
3096
3096
3096
3096
3098
3098
3099
3111
3111
3111
3111
3111
3111
3111
3111
3111
3111
3111
3111
3111
3121
3121
3121
3127
3128
3130
3138
3138
3138
3138
3138
3138
3138
3138
3138
3138
3138
3138
3138
3138
3138
3138
3138
3138
3138
3138
3138
3138
3138
3138
3138
3138
3138
3138
3138
3138
3138
3138
3138
3138
3138
3138
3138
3138
3138
3138
3138
3138
3138
3138
3138
3138
3138
3138
3138
3138
3138
3138
3138
3138
3138
3138
3138
3138
3138
3138
3138
3138
3138
3138
3138
3138
3141
3144
3145
3154
3154
3155
3155
3155
3155
3156
3156
3156
3157
3158
3160
3160
3160
3160
3160
3160
3160
3160
3160
3160
3160
3160
3160
3160
3160
3160
3160
3160
3160
3160
3160
3160
3160
3160
3160
3160
3160
3160
3160
3160
3168
3168
3168
3168
3168
3168
3168
3168
3168
3168
3168
3168
3168
3168
3168
3168
3168
3171
3171
3171
3178
3178
3182
3185
3185
3185
3186
3186
3191
3195
3199
3199
3199
3200
3200
3200
3200
3212
3212
3221
3223
3223
3223
3223
3223
3223
3223
3223
3223
3223
3223
3223
3223
3223
3223
3223
3223
3223
3223
3223
3223
3223
3223
3223
3223
3223
3223
3223
3224
3224
3224
3224
3224
3224
3224
3224
3224
3224
3228
3228
3230
3232
3232
3242
3242
3248
3248
3248
3248
3248
3248
3248
3248
3248
3252
3252
3252
3252
3252
3255
3255
3255
3255
3255
3255
3255
3255
3255
3255
3255
3255
3255
3255
3255
3255
3255
3255
3255
3255
3255
3255
3255
3255
3255
3255
3255
3255
3255
3255
3255
3255
3255
3255
3255
3255
3255
3255
3255
3255
3259
3268
3270
3270
3275
3275
3275
3275
3275
3275
3275
3275
3275
3275
3275
3275
3275
3275
3275
3276
3276
3277
3277
3277
3277
3277
3277
3277
3277
3277
3277
3277
3277
3277
3277
3277
3277
3277
3277
3277
3277
3277
3277
3277
3277
3277
3277
3277
3277
3277
3277
3277
3277
3277
3277
3277
3277
3277
3277
3277
3277
3277
3277
3277
3277
3277
3277
3282
3290
3290
3293
3294
3294
3294
3294
3294
3294
3294
3294
3301
3301
3301
3301
3301
3301
3302
3302
3302
3302
3302
3302
3302
3302
3302
3302
3302
3302
3302
3302
3302
3302
3302
3302
3302
3302
3302
3302
3302
3302
3302
3302
3302
3302
3302
3302
3302
3302
3302
3304
3304
3304
3304
3304
3304
3304
3304
3304
3304
3304
3304
3304
3304
3304
3304
3304
3304
3304
3304
3304
3304
3304
3304
3304
3304
3304
3304
3304
3304
3304
3304
3304
3304
3304
3304
3304
3304
3304
3304
3304
3304
3304
3304
3304
3304
3304
3304
3304
3304
3304
3304
3304
3306
3310
3312
3313
3313
3313
3313
3313
3313
3313
3313
3313
3313
3313
3313
3313
3313
3317
3320
3324
3324
3324
3324
3324
3324
3324
3324
3324
3324
3324
3324
3324
3324
3324
3324
3324
3324
3324
3324
3324
3324
3324
3324
3324
3324
3324
3324
3324
3324
3324
3324
3324
3324
3324
3324
3324
3324
3324
3324
3324
3324
3324
3324
3324
3324
3324
3324
3324
3324
3324
3324
3324
3324
3324
3324
3324
3324
3324
3324
3324
3324
3324
3324
3324
3324
3324
3324
3324
3324
3324
3324
3324
3324
3324
3324
3324
3324
3324
3324
3324
3324
3324
3324
3324
3324
3324
3324
3324
3324
3324
3324
3324
3324
3324
3324
3324
3324
3324
3324
3324
3324
3324
3324
3324
3324
3324
3324
3324
3324
3324
3324
3324
3324
3324
3324
3324
3324
3324
3324
3324
3324
3324
3324
3324
3324
3324
3324
3324
3324
3324
3324
3324
3324
3324
3324
3324
3324
3324
3324
3324
3324
3324
3324
3324
3324
3324
3324
3324
3324
3324
3324
3324
3324
3324
3324
3324
3324
3324
3324
3324
3324
3324
3324
3324
3324
3324
3324
3324
3324
3324
3324
3324
3324
3324
3324
3324
3324
3324
3324
3324
3324
3324
3324
3324
3324
3324
3324
3324
3324
3324
3324
3324
3324
3324
3324
3324
3324
3324
3324
3324
3324
3324
3324
3324
3324
3324
3324
3324
3324
3324
3324
3324
3324
3324
3324
3324
3324
3324
3324
3324
3324
3324
3324
3324
3324
3324
3324
3324
3324
3324
3324
3324
3324
3324
3324
3324
3324
3324
3324
3324
3324
3324
3324
3324
3324
3324
3324
3324
3324
3324
3324
3324
3324
3324
3324
3324
3324
3324
3324
3324
3324
3324
3324
3324
3324
3324
3324
3324
3324
3324
3324
3324
3324
3324
3324
3324
3324
3324
3324
3324
3324
3324
3324
3324
3324
3324
3324
3324
3324
3324
3324
3324
3324
3324
3324
3324
3324
3324
3324
3324
3324
3324
3324
3324
3324
3324
3324
3324
3324
3324
3324
3324
3324
3324
3324
3324
3324
3324
3324
3324
3324
3324
3324
3324
3324
3324
3324
3324
3324
3324
3324
3324
3324
3324
3324
3324
3324
3324
3324
3324
3324
3324
3324
3324
3324
3324
3324
3324
3324
3324
3324
3324
3324
3324
3324
3324
3324
3324
3324
3324
3324
3324
3324
3324
3324
3324
3324
3324
3324
3324
3324
3324
3324
3324
3324
3324
3324
3324
3324
3324
3324
3324
3324
3324
3324
3324
3324
3324
3324
3324
3324
3324
3324
3324
3324
3324
3324
3324
3324
3324
3324
3324
3324
3324
3324
3324
3324
3324
3324
3324
3324
3324
3324
3324
3324
3324
3324
3324
3324
3324
3324
3324
3324
3324
3324
3324
3324
3324
3324
3324
3324
3324
3324
3324
3324
3324
3324
3324
3324
3324
3324
3324
3324
3324
3324
3324
3324
3324
3324
3324
3324
3324
3324
3324
3324
3324
3324
3324
3324
3324
3324
3324
3324
3324
3324
3324
3324
3324
3324
3324
3324
3324
3324
3324
3324
3324
3324
3324
3324
3324
3324
3324
3324
3324
3324
3324
3324
3324
3324
3324
3324
3324
3324
3324
3324
3324
3324
3324
3324
3324
3324
3324
3324
3324
3324
3324
3324
3324
3324
3324
3324
3324
3324
3324
3324
3324
3324
3324
3324
3324
3324
3324
3324
3324
3324
3324
3324
3324
3324
3324
3324
3324
3324
3324
3324
3324
3324
3324
3324
3324
3324
3324
3324
3324
3324
3324
3324
3324
3324
3324
3324
3324
3324
3324
3324
3324
3324
3324
3324
3324
3324
3324
3324
3324
3324
3324
3324
3324
3324
3324
3324
3324
3324
3324
3324
3324
3324
3324
3324
3324
3324
3324
3324
3324
3324
3324
3324
3324
3324
3324
3324
3324
3324
3324
3324
3324
3324
3324
3324
3324
3324
3324
3324
3324
3324
3324
3324
3324
3324
3324
3324
3324
3324
3324
3324
3324
3324
3324
3324
3324
3324
3324
3324
3324
3324
3324
3324
3324
3324
3324
3324
3324
3324
3324
3324
3324
3324
3324
3324
3324
3324
3324
3324
3324
3324
3324
3324
3324
3324
3324
3324
3324
3324
3324
3324
3324
3324
3324
3324
3324
3324
3324
3324
3324
3324
3324
3324
3324
3324
3324
3324
3324
3324
3324
3324
3324
3324
3324
3324
3324
3324
3324
3324
3324
3326
3329
3329
3329
3329
3329
3333
3333
3333
3337
3337
3337
3337
3337
3337
3337
3337
3337
3337
3340
3340
3340
3340
3340
3340
3340
3340
3340
3340
3340
3340
3340
3340
3340
3340
3340
3340
3340
3340
3340
3340
3340
3340
3340
3340
3340
3340
3340
3340
3340
3340
3340
3340
3340
3340
3340
3340
3340
3340
3340
3340
3340
3340
3340
3340
3340
3340
3340
3340
3340
3340
3340
3340
3340
3340
3340
3340
3340
3340
3340
3340
3340
3340
3340
3340
3340
3340
3340
3340
3340
3340
3340
3340
3340
3340
3340
3340
3340
3340
3340
3340
3340
3340
3340
3340
3340
3340
3340
3340
3340
3340
3340
3340
3340
3340
3340
3340
3340
3340
3340
3340
3340
3340
3340
3340
3340
3340
3340
3340
3340
3340
3340
3340
3340
3340
3340
3340
3340
3340
3340
3340
3340
3340
3340
3340
3340
3340
3340
3340
3340
3340
3340
3340
3340
3340
3340
3340
3340
3340
3340
3340
3340
3340
3340
3340
3340
3340
3340
3340
3340
3340
3340
3340
3340
3340
3340
3340
3340
3340
3340
3340
3340
3340
3340
3340
3340
3340
3340
3340
3340
3340
3340
3340
3340
3340
3340
3340
3340
3340
3340
3340
3340
3340
3340
3340
3340
3340
3340
3340
3340
3340
3340
3340
3340
3340
3340
3340
3340
3340
3340
3340
3340
3340
3340
3340
3340
3340
3340
3340
3340
3340
3340
3340
3340
3340
3340
3340
3340
3340
3340
3340
3340
3340
3340
3340
3340
3340
3340
3340
3340
3340
3340
3340
3340
3340
3340
3340
3340
3340
3340
3340
3340
3340
3340
3340
3340
3340
3340
3340
3340
3340
3340
3340
3340
3340
3340
3340
3340
3340
3340
3340
3340
3340
3340
3340
3340
3340
3340
3340
3340
3340
3340
3340
3340
3340
3340
3340
3340
3340
3340
3340
3340
3340
3340
3340
3340
3340
3340
3340
3340
3340
3340
3340
3340
3340
3340
3340
3340
3340
3340
3340
3340
3340
3340
3340
3340
3340
3340
3340
3340
3340
3340
3340
3340
3340
3340
3340
3340
3340
3340
3340
3340
3340
3340
3340
3340
3340
3340
3340
3340
3340
3340
3340
3340
3340
3340
3340
3341
3341
3341
3341
3341
3341
3341
3341
3341
3341
3341
3341
3341
3341
3341
3341
3341
3341
3341
3341
3341
3341
3341
3341
3341
3342
3343
3343
3343
3345
3345
3345
3345
3345
3345
3345
3345
3345
3345
3345
3345
3345
3345
3345
3345
3345
3345
3345
3345
3345
3345
3345
3345
3345
3345
3345
3345
3345
3345
3345
3350
3351
3351
3351
3351
3351
3351
3351
3351
3351
3351
3351
3351
3351
3351
3351
3351
3351
3351
3351
3351
3351
3351
3351
3351
3351
3351
3356
3356
3356
3356
3358
3359
3359
3359
3359
3365
3365
3365
3365
3365
3365
3365
3365
3365
3365
3365
3367
3367
3378
3384
3385
3385
3385
3385
3385
3385
3385
3385
3385
3385
3385
3385
3385
3385
3385
3385
3385
3385
3385
3385
3385
3385
3385
3385
3385
3385
3385
3385
3385
3385
3385
3385
3385
3386
3386
3386
3388
3388
3388
3390
3390
3390
3390
3390
3390
3390
3390
3390
3390
3390
3390
3390
3390
3390
3390
3390
3390
3390
3390
3390
3390
3390
3390
3390
3390
3390
3390
3394
3394
3394
3397
3397
3397
3400
3406
3406
3406
3406
3406
3406
3432
3432
3432
3432
3432
3432
3433
3433
3433
3433
3433
3436
3439
3440
3440
3440
3440
3443
3449
3449
3449
3449
3449
3449
3449
3449
3449
3454
3478
3490
3492
3492
3492
3492
3492
3492
3492
3492
3492
3492
3492
3492
3492
3492
3492
3492
3492
3492
3492
3492
3492
3492
3492
3492
3492
3492
3492
3492
3492
3492
3492
3492
3492
3492
3492
3492
3492
3492
3492
3492
3492
3492
3492
3492
3492
3492
3492
3492
3492
3492
3492
3492
3492
3492
3492
3492
3492
3492
3492
3492
3492
3492
3492
3492
3492
3492
3492
3492
3492
3492
3492
3492
3492
3492
3492
3492
3492
3492
3492
3492
3492
3492
3492
3492
3492
3492
3492
3495
3496
3499
3499
3501
3502
3504
3504
3505
3505
3505
3505
3505
3505
3505
3505
3505
3505
3506
3507
3507
3507
3507
3511
3526
3526
3526
3526
3526
3526
3529
3529
3532
3535
3535
3535
3535
3535
3535
3535
3535
3535
3535
3535
3535
3535
3535
3535
3535
3537
3537
3537
3537
3537
3537
3537
3537
3545
3545
3545
3545
3545
3545
3548
3548
3548
3548
3548
3548
3548
3548
3548
3548
3548
3548
3548
3548
3549
3549
3552
3552
3552
3552
3552
3552
3552
3552
3552
3552
3552
3552
3552
3552
3552
3552
3552
3554
3557
3563
3563
3563
3563
3563
3568
3571
3574
3576
3576
3576
3576
3576
3576
3585
3585
3587
3587
3587
3595
3595
3595
3601
3602
3603
3603
3610
3610
3610
3610
3610
3610
3613
3613
3613
3623
3623
3633
3638
3639
3640
3640
3640
3640
3640
3640
3640
3640
3640
3640
3640
3640
3640
3640
3640
3640
3640
3640
3640
3640
3640
3640
3640
3640
3640
3640
3640
3640
3640
3640
3640
3640
3650
3651
3651
3651
3651
3651
3651
3651
3651
3651
3651
3651
3659
3662
3662
3662
3662
3662
3662
3662
3662
3662
3662
3662
3662
3662
3662
3662
3662
3673
3682
3683
3683
3683
3683
3683
3684
3684
3684
3688
3689
3689
3695
3699
3704
3708
3713
3713
3713
3716
3716
3716
3716
3735
3743
3743
3743
3743
3743
3743
3743
3743
3743
3743
3743
3743
3743
3743
3743
3743
3743
3743
3743
3743
3743
3743
3743
3743
3743
3743
3743
3743
3743
3743
3743
3743
3743
3744
3750
3750
3758
3760
3760
3760
3760
3760
3760
3760
3760
3760
3760
3760
3760
3760
3760
3760
3760
3760
3760
3760
3760
3760
3760
3760
3760
3760
3760
3760
3761
3761
3761
3763
3770
3770
3770
3773
3773
3774
3774
3779
3786
3793
3796
3800
3800
3802
3802
3803
3807
3810
3813
3813
3813
3820
3820
3823
3823
3824
3824
3826
3827
3827
3827
3829
3829
3829
3829
3835
3839
3839
3839
3839
3839
3839
3839
3839
3839
3839
3839
3839
3839
3839
3839
3839
3839
3839
3839
3839
3839
3839
3839
3839
3839
3839
3839
3839
3839
3839
3839
3839
3839
3839
3839
3839
3839
3839
3839
3839
3839
3839
3839
3839
3839
3839
3839
3839
3839
3839
3839
3839
3839
3839
3839
3839
3839
3839
3839
3839
3839
3839
3839
3839
3839
3839
3839
3839
3839
3839
3839
3839
3839
3839
3839
3839
3839
3839
3839
3839
3839
3839
3839
3839
3839
3839
3839
3839
3839
3839
3839
3839
3839
3839
3839
3839
3839
3839
3839
3839
3839
3839
3839
3839
3839
3839
3839
3839
3839
3839
3839
3839
3839
3839
3839
3839
3839
3839
3839
3839
3839
3839
3839
3839
3839
3839
3839
3839
3839
3839
3839
3839
3839
3839
3839
3839
3839
3839
3839
3839
3839
3839
3839
3839
3839
3839
3839
3839
3839
3839
3839
3839
3839
3839
3839
3839
3839
3839
3839
3839
3839
3839
3839
3839
3839
3839
3839
3839
3839
3839
3839
3839
3839
3839
3839
3839
3839
3839
3839
3839
3839
3839
3839
3839
3839
3839
3839
3839
3839
3839
3839
3839
3839
3839
3839
3839
3839
3839
3839
3839
3839
3839
3839
3839
3839
3839
3839
3839
3839
3839
3839
3839
3839
3839
3839
3839
3839
3839
3839
3839
3839
3839
3839
3839
3839
3839
3839
3839
3839
3839
3839
3839
3839
3839
3839
3839
3839
3839
3839
3839
3839
3839
3839
3839
3839
3839
3839
3839
3839
3839
3839
3839
3839
3839
3839
3839
3839
3839
3839
3839
3839
3839
3839
3839
3839
3839
3839
3839
3839
3839
3839
3839
3839
3839
3839
3849
3852
3852
3853
3853
3854
3855
3858
3861
3861
3864
3865
3867
3870
3876
3876
3876
3876
3876
3876
3876
3876
3876
3876
3876
3877
3877
3877
3877
3877
3879
3883
3883
3884
3884
3884
3884
3884
3884
3884
3892
3892
3910
3910
3910
3910
3910
3910
3910
3910
3910
3910
3910
3910
3910
3910
3910
3910
3910
3910
3910
3910
3910
3910
3910
3910
3910
3910
3910
3910
3910
3910
3912
3912
3912
3912
3912
3912
3918
3918
3924
3935
3938
3942
3942
3942
3942
3942
3942
3942
3942
3942
3942
3943
3943
3943
3943
3943
3943
3943
3943
3943
3943
3943
3943
3943
3943
3943
3943
3943
3943
3943
3943
3943
3943
3943
3943
3943
3943
3943
3943
3943
3943
3943
3943
3943
3943
3943
3943
3943
3943
3943
3943
3943
3943
3943
3943
3943
3943
3943
3943
3943
3943
3943
3943
3943
3943
3943
3943
3943
3943
3943
3943
3943
3943
3943
3943
3943
3943
3943
3943
3943
3943
3943
3943
3943
3943
3943
3943
3943
3943
3943
3943
3943
3943
3943
3943
3943
3943
3943
3943
3943
3943
3943
3943
3943
3943
3943
3943
3943
3943
3943
3943
3943
3943
3943
3943
3943
3943
3943
3943
3946
3947
3947
3947
3947
3947
3947
3947
3947
3947
3947
3948
3948
3948
3948
3948
3948
3948
3948
3948
3948
3948
3948
3948
3948
3948
3952
3956
3963
3963
3965
3966
3966
3966
3966
3966
3966
3966
3966
3966
3966
3966
3966
3966
3966
3966
3966
3966
3966
3966
3966
3966
3966
3966
3966
3966
3966
3966
3966
3966
3966
3966
3966
3966
3966
3966
3966
3966
3966
3966
3966
3966
3966
3966
3966
3966
3966
3966
3966
3966
3966
3966
3966
3966
3966
3968
3968
3968
3968
3968
3968
3968
3968
3968
3968
3968
3974
3976
3978
3982
3984
3986
3986
3989
3989
3989
3996
3996
3996
3996
3996
3996
3996
3996
3996
3996
3996
3996
4001
4002
4002
4002
4002
4002
4002
4002
4002
4002
4003
4034
4037
4038
4038
4038
4038
4038
4038
4038
4038
4038
4038
4038
4038
4038
4038
4038
4038
4038
4038
4038
4038
4038
4038
4038
4038
4038
4038
4038
4038
4038
4038
4038
4038
4038
4038
4038
4038
4038
4038
4038
4038
4038
4038
4038
4038
4038
4038
4038
4038
4038
4038
4038
4038
4038
4038
4038
4038
4038
4038
4038
4038
4038
4038
4038
4038
4038
4038
4038
4038
4038
4038
4038
4038
4038
4038
4038
4038
4038
4038
4038
4038
4038
4038
4038
4038
4038
4038
4038
4038
4038
4038
4038
4038
4041
4042
4045
4047
4051
4051
4051
4057
4059
4059
4059
4067
4072
4096
4097
4098
4101
4101
4101
4102
4102
4103
4105
4105
4105
4106
4106
4108
4108
4108
4108
4109
4110
4116
4121
4121
4121
4122
4123
4123
4123
4123
4123
4123
4123
4123
4123
4123
4123
4123
4132
4145
4145
4151
4158
4158
4159
4161
4161
4161
4162
4162
4162
4162
4162
4162
4162
4162
4162
4162
4162
4162
4162
4162
4167
4167
4167
4167
4167
4167
4167
4167
4171
4171
4171
4173
4176
4176
4176
4176
4176
4176
4179
4179
4186
4201
4218
4218
4219
4221
4221
4221
4229
4229
4229
4233
4233
4233
4234
4234
4235
4245
4245
4245
4253
4253
4253
4253
4253
4253
4253
4253
4253
4253
4253
4256
4256
4256
4256
4256
4256
4256
4256
4257
4257
4257
4257
4257
4257
4257
4262
4262
4262
4262
4262
4278
4278
4278
4278
4278
4278
4278
4279
4281
4281
4283
4284
4284
4284
4284
4284
4287
4287
4287
4289
4289
4289
4289
4289
4289
4290
4290
4290
4290
4290
4293
4295
4296
4296
4297
4297
4298
4302
4302
4302
4304
4304
4304
4304
4304
4304
4304
4304
4304
4304
4304
4304
4304
4304
4308
4308
4308
4317
4317
4320
4320
4320
4322
4324
4329
4331
4331
4331
4335
4337
4338
4338
4338
4338
4338
4338
4338
4341
4341
4341
4341
4341
4341
4341
4341
4341
4342
4343
4349
4358
4358
4358
4360
4360
4364
4364
4364
4364
4364
4364
4364
4364
4364
4364
4364
4364
4364
4364
4365
4370
4375
4383
4383
4383
4383
4383
4383
4383
4383
4383
4383
4383
4383
4383
4383
4387
4389
4389
4389
4389
4389
4389
4389
4394
4407
4408
4410
4410
4410
4410
4410
4410
4410
4415
4415
4421
4423
4423
4423
4423
4423
4423
4423
4423
4423
4423
4423
4423
4423
4423
4423
4423
4426
4426
4426
4426
4426
4426
4426
4426
4426
4426
4430
4437
4437
4437
4437
4437
4437
4437
4437
4441
4441
4441
4441
4459
4459
4459
4459
4459
4465
4465
4465
4465
4465
4465
4466
4468
4468
4468
4470
4474
4474
4474
4474
4474
4474
4474
4474
4474
4474
4474
4474
4474
4474
4474
4474
4474
4474
4474
4474
4474
4474
4474
4474
4474
4474
4474
4474
4474
4474
4474
4474
4474
4474
4474
4474
4474
4474
4474
4474
4474
4474
4474
4474
4474
4474
4474
4474
4479
4479
4479
4479
4479
4479
4479
4479
4479
4479
4479
4479
4479
4479
4479
4479
4479
4479
4479
4479
4479
4479
4479
4479
4479
4479
4479
4479
4479
4479
4482
4483
4483
4484
4484
4487
4487
4492
4492
4492
4492
4492
4492
4492
4492
4492
4492
4492
4492
4492
4492
4492
4492
4492
4492
4492
4492
4492
4492
4492
4492
4492
4492
4492
4492
4492
4492
4492
4492
4492
4492
4492
4492
4492
4492
4492
4492
4492
4492
4492
4492
4492
4492
4492
4492
4492
4492
4492
4492
4492
4492
4492
4492
4492
4492
4492
4492
4492
4492
4492
4492
4492
4492
4492
4492
4492
4492
4492
4492
4492
4492
4492
4492
4492
4492
4492
4492
4492
4492
4492
4492
4492
4492
4492
4492
4492
4492
4492
4492
4492
4492
4492
4492
4492
4492
4492
4492
4492
4492
4492
4492
4492
4492
4492
4492
4492
4492
4492
4492
4492
4492
4492
4492
4492
4492
4492
4492
4492
4492
4492
4492
4492
4492
4492
4492
4492
4492
4492
4492
4492
4492
4492
4492
4492
4492
4492
4492
4492
4492
4492
4492
4492
4492
4492
4492
4492
4492
4492
4492
4492
4492
4492
4492
4492
4492
4492
4492
4492
4492
4492
4492
4492
4492
4492
4492
4492
4492
4492
4492
4492
4492
4492
4492
4492
4492
4492
4492
4492
4492
4492
4492
4492
4492
4492
4492
4492
4492
4492
4492
4492
4492
4492
4492
4492
4492
4492
4492
4492
4492
4492
4492
4492
4492
4492
4492
4492
4492
4492
4492
4492
4492
4492
4492
4492
4492
4492
4492
4492
4492
4492
4492
4492
4492
4492
4492
4492
4492
4492
4492
4492
4492
4492
4492
4492
4492
4492
4492
4492
4492
4492
4492
4492
4492
4492
4492
4492
4492
4492
4492
4492
4492
4492
4492
4492
4492
4492
4492
4492
4492
4492
4492
4492
4492
4492
4492
4492
4492
4492
4492
4492
4492
4492
4492
4492
4492
4492
4492
4492
4492
4492
4492
4492
4492
4492
4492
4492
4492
4492
4493
4502
4504
4504
4504
4504
4504
4504
4504
4504
4504
4504
4504
4504
4504
4504
4504
4504
4504
4504
4504
4504
4504
4504
4504
4510
4510
4512
4522
4525
4525
4525
4528
4528
4528
4528
4530
4531
4531
4532
4532
4532
4532
4532
4532
4532
4533
4533
4534
4534
4534
4534
4534
4534
4534
4534
4534
4534
4534
4534
4534
4534
4534
4535
4535
4535
4538
4556
4563
4578
4580
4580
4582
4582
4584
4588
4589
4589
4589
4589
4589
4589
4589
4589
4589
4589
4589
4589
4589
4589
4589
4589
4589
4589
4603
4603
4607
4607
4607
4607
4607
4607
4608
4609
4619
4629
4629
4629
4629
4629
4629
4629
4629
4629
4629
4631
4631
4631
4631
4631
4631
4631
4636
4639
4639
4643
4643
4646
4646
4646
4646
4654
4655
4655
4655
4655
4655
4655
4655
4655
4655
4655
4655
4655
4655
4655
4655
4655
4655
4655
4655
4655
4655
4655
4655
4655
4655
4662
4662
4662
4662
4662
4662
4662
4662
4662
4662
4662
4662
4662
4662
4662
4662
4662
4665
4665
4667
4667
4667
4669
4669
4670
4670
4670
4670
4670
4670
4670
4670
4680
4680
4680
4680
4681
4681
4682
4682
4682
4682
4687
4687
4687
4687
4687
4687
4687
4687
4687
4687
4687
4687
4687
4687
4687
4687
4687
4687
4687
4687
4687
4687
4687
4687
4687
4687
4687
4687
4687
4687
4687
4687
4687
4687
4687
4687
4687
4687
4687
4687
4687
4687
4687
4688
4690
4690
4690
4697
4697
4699
4710
4710
4715
4715
4715
4717
4719
4726
4726
4726
4726
4726
4731
4731
4731
4735
4736
4737
4738
4741
4741
4741
4741
4741
4741
4741
4741
4741
4751
4751
4753
4760
4766
4766
4766
4766
4768
4768
4768
4768
4768
4768
4768
4768
4768
4768
4768
4768
4768
4768
4779
4779
4779
4779
4779
4779
4779
4779
4779
4779
4779
4779
4779
4779
4779
4779
4779
4779
4779
4779
4779
4779
4779
4779
4779
4779
4779
4779
4779
4779
4779
4779
4779
4779
4779
4779
4779
4779
4779
4779
4779
4779
4779
4779
4779
4779
4779
4779
4779
4779
4779
4784
4784
4792
4792
4792
4792
4792
4792
4792
4792
4794
4794
4794
4794
4794
4794
4794
4794
4794
4794
4794
4794
4794
4794
4794
4794
4794
4794
4794
4794
4794
4794
4794
4794
4794
4794
4794
4794
4794
4794
4794
4794
4794
4794
4794
4794
4794
4794
4794
4794
4794
4794
4794
4802
4802
4802
4808
4808
4813
4815
4815
4820
4820
4820
4820
4820
4820
4820
4820
4820
4821
4821
4821
4821
4821
4821
4821
4821
4824
4830
4830
4830
4830
4835
4836
4836
4836
4836
4836
4836
4836
4836
4836
4836
4836
4836
4836
4836
4836
4836
4836
4842
4850
4850
4850
4850
4863
4863
4864
4864
4864
4864
4864
4864
4864
4864
4864
4864
4864
4865
4866
4866
4866
4866
4866
4866
4866
4866
4866
4866
4866
4866
4866
4866
4866
4866
4866
4866
4866
4866
4866
4866
4866
4866
4866
4866
4866
4866
4866
4866
4866
4866
4866
4866
4866
4866
4866
4866
4866
4866
4866
4866
4866
4866
4866
4866
4866
4866
4867
4867
4867
4876
4877
4877
4877
4877
4877
4877
4877
4877
4878
4878
4878
4878
4878
4878
4878
4881
4886
4886
4886
4886
4886
4886
4886
4886
4891
4891
4893
4893
4895
4900
4900
4900
4904
4904
4904
4904
4904
4904
4904
4904
4904
4904
4904
4904
4904
4904
4904
4904
4904
4904
4904
4904
4904
4904
4904
4904
4904
4904
4904
4904
4904
4904
4904
4904
4904
4904
4904
4904
4904
4904
4904
4904
4904
4904
4904
4904
4904
4904
4904
4904
4904
4904
4904
4904
4904
4904
4904
4904
4904
4904
4904
4904
4904
4904
4904
4904
4904
4904
4904
4904
4904
4904
4904
4904
4904
4904
4904
4904
4904
4904
4904
4904
4904
4904
4904
4905
4905
4905
4905
4905
4907
4911
4916
4916
4921
4930
4933
4933
4933
4933
4933
4933
4933
4933
4933
4936
4939
4939
4939
4939
4939
4939
4939
4940
4940
4941
4945
4956
4956
4956
4956
4956
4956
4956
4956
4956
4956
4956
4956
4956
4956
4956
4956
4956
4956
4956
4956
4956
4956
4956
4956
4956
4956
4956
4956
4956
4956
4956
4956
4956
4956
4956
4956
4956
4956
4956
4956
4956
4957
4957
4957
4957
4957
4996
4996
4996
4996
4996
4996
4996
4996
4996
4996
4996
4996
4996
4996
4996
4996
4996
4996
4996
4996
4996
4996
4996
4996
4996
4996
4996
4996
4996
4996
4996
4996
4996
4996
4996
4996
4996
4996
4996
4996
4996
4996
4996
4996
4996
4996
4996
4996
4996
4996
4996
4996
4996
4996
4996
4996
4996
4996
4996
4996
4996
4996
4996
4996
4996
4996
4996
4996
4996
4996
4996
4996
4996
4996
4996
4996
4996
4996
4996
4996
4996
4996
4996
4996
4996
4996
4996
4996
4996
4996
4996
4996
4996
4996
4996
4996
4996
4996
4996
4996
4996
4996
4996
4996
4996
4996
4996
4996
5001
5001
5001
5001
5001
5001
5001
5001
5001
5001
5001
5001
5001
5001
5001
5001
5001
5001
5001
5001
5001
5001
5001
5001
5001
5001
5001
5001
5001
5001
5001
5001
5001
5001
5001
5001
5001
5001
5001
5001
5001
5001
5001
5001
5001
5001
5001
5001
5001
5001
5001
5001
5001
5001
5001
5001
5001
5001
5001
5001
5001
5001
5001
5001
5001
5001
5001
5001
5001
5001
5001
5001
5001
5001
5001
5001
5001
5001
5001
5001
5001
5001
5001
5001
5001
5001
5001
5001
5001
5001
5001
5001
5001
5001
5001
5001
5001
5001
5001
5001
5001
5001
5001
5001
5001
5001
5001
5001
5001
5001
5001
5001
5001
5001
5001
5001
5001
5001
5001
5001
5001
5001
5001
5001
5001
5001
5001
5001
5001
5001
5001
5001
5001
5001
5001
5001
5001
5001
5001
5001
5001
5001
5001
5001
5001
5001
5001
5001
5001
5001
5001
5001
5001
5001
5001
5001
5001
5001
5001
5001
5001
5001
5001
5001
5001
5001
5001
5001
5001
5001
5001
5001
5001
5001
5001
5001
5001
5001
5001
5001
5001
5001
5001
5001
5001
5001
5001
5001
5001
5001
5001
5001
5001
5001
5001
5001
5001
5001
5001
5001
5001
5001
5001
5001
5001
5001
5001
5001
5001
5001
5001
5001
5001
5001
5001
5001
5001
5001
5001
5001
5001
5001
5001
5001
5001
5001
5001
5001
5001
5001
5001
5001
5001
5001
5001
5001
5001
5001
5001
5001
5001
5001
5001
5001
5001
5001
5001
5001
5001
5001
5001
5001
5001
5001
5001
5001
5001
5001
5001
5001
5001
5001
5001
5001
5001
5001
5001
5001
5001
5001
5001
5001
5001
5001
5001
5001
5001
5001
5001
5001
5001
5001
5001
5001
5001
5001
5001
5001
5001
5001
5001
5001
5001
5001
5001
5001
5001
5001
5001
5001
5001
5001
5001
5001
5001
5001
5001
5001
5001
5001
5001
5001
5001
5001
5001
5001
5001
5001
5001
5001
5001
5001
5001
5001
5001
5001
5001
5001
5001
5001
5001
5001
5001
5001
5001
5001
5001
5001
5001
5001
5001
5001
5001
5001
5001
5001
5001
5001
5001
5001
5001
5001
5001
5001
5001
5001
5001
5001
5001
5001
5001
5001
5001
5001
5001
5001
5001
5001
5001
5001
5001
5001
5001
5001
5001
5001
5001
5001
5001
5001
5001
5001
5001
5001
5001
5001
5001
5001
5001
5001
5001
5001
5001
5001
5001
5001
5001
5001
5001
5001
5001
5001
5001
5001
5001
5001
5001
5001
5001
5001
5001
5001
5001
5001
5001
5001
5001
5001
5001
5001
5001
5001
5001
5005
5005
5005
5005
5005
5005
5005
5005
5005
5005
5005
5005
5005
5008
5010
5013
5013
5019
5019
5019
5020
5020
5029
5033
5033
5033
5033
5033
5033
5033
5033
5033
5033
5033
5033
5033
5033
5033
5033
5033
5033
5033
5033
5033
5033
5033
5033
5033
5033
5033
5033
5033
5033
5033
5033
5033
5033
5033
5033
5033
5033
5033
5033
5033
5033
5033
5033
5033
5033
5033
5033
5033
5033
5033
5033
5033
5033
5033
5033
5033
5033
5033
5033
5033
5033
5033
5033
5033
5033
5033
5033
5033
5033
5033
5033
5033
5033
5033
5033
5033
5033
5033
5033
5033
5033
5033
5033
5033
5033
5033
5033
5033
5033
5033
5033
5033
5033
5033
5033
5033
5033
5033
5033
5033
5033
5033
5033
5033
5033
5033
5033
5033
5033
5033
5033
5033
5033
5033
5033
5033
5033
5033
5033
5033
5033
5033
5033
5033
5033
5033
5033
5033
5033
5033
5033
5033
5033
5033
5033
5033
5033
5033
5033
5033
5033
5033
5033
5033
5033
5035
5038
5042
5042
5058
5058
5060
5061
5064
5064
5065
5066
5066
5066
5068
5068
5068
5068
5068
5072
5080
5080
5097
5105
5105
5105
5105
5105
5108
5112
5113
5116
5116
5116
5118
5121
5124
5125
5125
5125
5127
5127
5133
5135
5138
5146
5146
5147
5148
5148
5148
5148
5148
5150
5161
5161
5161
5161
5161
5161
5161
5161
5161
5161
5161
5161
5161
5161
5161
5161
5161
5161
5161
5161
5161
5161
5161
5161
5161
5161
5161
5161
5161
5161
5161
5161
5161
5161
5161
5161
5161
5161
5161
5161
5161
5161
5161
5161
5161
5161
5161
5161
5161
5161
5162
5162
5162
5162
5162
5162
5162
5162
5162
5162
5162
5162
5162
5162
5162
5162
5162
5162
5162
5162
5162
5162
5162
5162
5162
5162
5162
5162
5162
5162
5162
5162
5162
5162
5162
5162
5162
5162
5162
5162
5162
5162
5162
5162
5162
5162
5162
5162
5162
5162
5162
5162
5162
5162
5162
5162
5162
5162
5162
5162
5162
5162
5162
5162
5162
5162
5162
5162
5162
5162
5162
5162
5162
5162
5162
5162
5162
5162
5162
5162
5162
5162
5162
5162
5162
5162
5162
5162
5162
5162
5162
5162
5162
5162
5162
5162
5162
5162
5162
5162
5162
5162
5162
5162
5162
5162
5162
5162
5162
5162
5162
5162
5162
5162
5162
5162
5162
5162
5162
5162
5162
5162
5162
5162
5162
5162
5162
5162
5162
5162
5162
5162
5162
5162
5162
5162
5162
5162
5162
5162
5162
5162
5162
5162
5162
5162
5162
5162
5162
5162
5162
5162
5162
5162
5162
5165
5179
5179
5180
5183
5187
5187
5187
5187
5187
5191
5191
5191
5191
5195
5207
5211
5211
5211
5211
5211
5211
5211
5211
5211
5211
5211
5211
5211
5211
5211
5211
5211
5211
5211
5211
5211
5211
5211
5211
5211
5211
5211
5211
5211
5211
5211
5211
5211
5211
5211
5211
5211
5211
5211
5211
5211
5211
5211
5211
5211
5211
5211
5211
5211
5211
5211
5211
5211
5211
5211
5212
5212
5215
5215
5215
5215
5215
5215
5215
5215
5215
5217
5217
5217
5217
5217
5217
5217
5217
5217
5217
5217
5217
5217
5217
5217
5217
5217
5217
5217
5217
5217
5217
5217
5217
5217
5217
5217
5217
5217
5217
5217
5217
5217
5217
5217
5219
5219
5219
5219
5221
5221
5221
5221
5221
5221
5221
5221
5221
5221
5221
5221
5221
5221
5221
5221
5221
5221
5221
5221
5221
5221
5221
5221
5221
5221
5221
5221
5221
5221
5221
5221
5221
5221
5221
5221
5221
5221
5221
5221
5221
5221
5221
5221
5221
5221
5221
5221
5221
5221
5221
5221
5221
5221
5221
5221
5221
5221
5221
5221
5221
5221
5221
5221
5221
5221
5221
5221
5221
5221
5221
5221
5221
5221
5221
5221
5221
5221
5221
5221
5221
5221
5221
5221
5221
5221
5221
5221
5221
5221
5221
5221
5221
5221
5221
5221
5221
5221
5221
5221
5221
5221
5221
5221
5221
5221
5221
5221
5221
5221
5221
5221
5221
5221
5223
5223
5223
5223
5223
5223
5223
5223
5223
5223
5223
5223
5223
5223
5223
5223
5226
5226
5226
5226
5226
5226
5227
5230
5231
5232
5232
5232
5232
5232
5232
5232
5232
5232
5232
5232
5232
5232
5232
5232
5232
5232
5232
5232
5232
5232
5232
5232
5233
5233
5243
5248
5248
5254
5260
5261
5264
5269
5269
5271
5279
5279
5279
5279
5279
5279
5279
5279
5279
5279
5279
5279
5279
5279
5279
5279
5279
5279
5279
5279
5280
5280
5280
5280
5280
5280
5280
5280
5280
5280
5280
5280
5280
5280
5280
5280
5280
5280
5280
5280
5280
5280
5280
5280
5280
5280
5280
5280
5280
5280
5280
5280
5280
5280
5280
5280
5280
5280
5280
5280
5280
5280
5280
5280
5280
5280
5280
5280
5280
5280
5280
5280
5280
5280
5280
5280
5280
5280
5280
5280
5280
5280
5280
5280
5280
5280
5280
5280
5280
5280
5280
5280
5280
5280
5280
5280
5280
5282
5282
5282
5283
5284
5286
5287
5287
5287
5287
5287
5287
5287
5287
5287
5287
5287
5287
5287
5287
5287
5287
5287
5287
5287
5287
5287
5287
5287
5287
5287
5287
5287
5287
5287
5287
5287
5287
5287
5287
5287
5287
5287
5287
5287
5287
5287
5287
5287
5287
5287
5287
5287
5287
5287
5287
5287
5287
5287
5287
5287
5287
5287
5288
5288
5288
5288
5288
5288
5288
5288
5288
5288
5288
5288
5288
5288
5288
5288
5288
5288
5288
5288
5288
5288
5288
5288
5288
5288
5288
5288
5288
5288
5288
5288
5288
5288
5288
5288
5288
5288
5288
5288
5288
5288
5288
5288
5288
5288
5288
5288
5288
5288
5288
5288
5288
5288
5288
5288
5288
5290
5290
5290
5292
5294
5297
5299
5299
5299
5299
5301
5302
5302
5302
5302
5302
5302
5302
5302
5302
5302
5302
5302
5307
5307
5310
5310
5310
5310
5310
5316
5317
5317
5318
5318
5318
5318
5318
5318
5320
5320
5320
5320
5321
5321
5321
5321
5324
5324
5324
5324
5326
5326
5326
5326
5326
5326
5326
5326
5326
5326
5326
5326
5326
5326
5326
5326
5326
5326
5326
5326
5326
5326
5326
5326
5326
5326
5330
5330
5330
5335
5339
5341
5341
5341
5341
5341
5341
5342
5342
5342
5344
5344
5344
5344
5344
5344
5344
5344
5344
5344
5344
5344
5344
5344
5344
5344
5344
5344
5344
5344
5344
5344
5344
5344
5346
5346
5347
5347
5347
5347
5354
5354
5356
5356
5357
5357
5357
5357
5359
5361
5361
5362
5370
5370
5371
5375
5382
5382
5382
5382
5384
5384
5384
5384
5384
5384
5384
5384
5384
5384
5384
5384
5384
5384
5384
5384
5384
5384
5384
5384
5384
5384
5384
5384
5384
5384
5384
5384
5384
5384
5384
5384
5384
5384
5384
5384
5384
5384
5384
5384
5384
5384
5384
5384
5384
5384
5384
5384
5384
5384
5384
5384
5384
5389
5398
5401
5401
5401
5401
5401
5401
5401
5401
5401
5401
5401
5401
5401
5401
5401
5401
5401
5401
5401
5401
5401
5401
5401
5401
5401
5401
5405
5405
5405
5405
5405
5405
5405
5405
5409
5409
5409
5409
5409
5410
5410
5414
5414
5414
5414
5414
5414
5414
5414
5414
5414
5414
5414
5414
5414
5414
5414
5414
5414
5414
5414
5414
5414
5414
5414
5415
5415
5415
5415
5417
5417
5417
5417
5417
5417
5417
5417
5417
5417
5417
5417
5417
5417
5417
5417
5417
5417
5417
5417
5417
5417
5417
5420
5422
5424
5427
5434
5435
5435
5435
5435
5435
5438
5438
5438
5438
5438
5438
5438
5438
5438
5438
5438
5438
5439
5439
5439
5439
5439
5439
5439
5439
5439
5439
5439
5439
5439
5439
5439
5439
5439
5439
5439
5439
5439
5439
5439
5439
5439
5439
5439
5439
5439
5439
5439
5439
5439
5439
5439
5439
5439
5439
5439
5439
5439
5439
5439
5439
5439
5439
5439
5441
5441
5449
5451
5456
5458
5458
5458
5458
5458
5458
5458
5462
5462
5462
5473
5475
5482
5482
5484
5484
5484
5484
5484
5484
5484
5484
5484
5484
5484
5484
5484
5484
5484
5488
5488
5489
5494
5499
5499
5499
5512
5512
5512
5512
5512
5512
5514
5517
5525
5525
5525
5527
5527
5527
5532
5532
5532
5532
5532
5532
5532
5532
5532
5532
5532
5532
5532
5532
5532
5532
5532
5532
5532
5532
5532
5537
5539
5539
5539
5539
5539
5539
5539
5539
5539
5539
5539
5539
5539
5539
5539
5539
5539
5539
5539
5539
5539
5539
5539
5539
5539
5539
5541
5543
5543
5549
5549
5549
5549
5557
5557
5558
5565
5569
5569
5571
5572
5572
5575
5578
5583
5585
5585
5585
5585
5585
5585
5585
5585
5585
5585
5585
5585
5585
5585
5585
5588
5588
5588
5588
5589
5589
5591
5591
5591
5591
5591
5591
5591
5591
5591
5591
5591
5591
5591
5591
5591
5591
5591
5591
5591
5591
5591
5591
5591
5591
5591
5591
5591
5591
5591
5591
5591
5591
5591
5591
5591
5591
5596
5597
5598
5599
5599
5599
5599
5599
5601
5604
5609
5614
5614
5615
5620
5620
5620
5620
5620
5620
5621
5635
5635
5641
5654
5660
5660
5660
5660
5660
5660
5660
5664
5664
5666
5670
5670
5670
5670
5670
5670
5670
5670
5670
5670
5670
5670
5670
5670
5670
5670
5670
5670
5670
5670
5670
5670
5670
5670
5670
5670
5670
5670
5670
5670
5670
5670
5670
5670
5670
5673
5673
5675
5676
5683
5691
5693
5693
5693
5693
5693
5693
5693
5693
5693
5693
5693
5693
5693
5693
5693
5693
5693
5693
5693
5693
5693
5693
5693
5693
5693
5693
5693
5693
5693
5693
5693
5693
5693
5693
5693
5693
5693
5693
5693
5693
5693
5693
5693
5693
5693
5693
5693
5693
5693
5693
5693
5693
5693
5693
5693
5693
5693
5693
5693
5693
5693
5693
5693
5693
5694
5694
5700
5700
5700
5700
5700
5700
5700
5700
5700
5700
5700
5700
5700
5700
5700
5700
5700
5700
5700
5700
5700
5700
5700
5700
5700
5700
5702
5714
5716
5716
5726
5726
5728
5730
5731
5731
5734
5735
5735
5737
5741
5744
5746
5746
5746
5746
5746
5746
5746
5746
5746
5750
5754
5766
5766
5766
5766
5770
5774
5774
5774
5778
5778
5778
5779
5781
5781
5782
5783
5787
5787
5793
5793
5793
5793
5793
5793
5793
5793
5800
5800
5800
5800
5805
5808
5809
5811
5811
5811
5817
5822
5822
5827
5827
5827
5827
5827
5827
5827
5827
5827
5827
5827
5827
5827
5827
5832
5836
5836
5836
5836
5836
5843
5843
5843
5843
5843
5843
5843
5844
5844
5844
5844
5844
5844
5844
5844
5849
5850
5850
5850
5850
5850
5850
5850
5850
5850
5850
5850
5850
5850
5850
5850
5850
5850
5850
5850
5850
5850
5854
5854
5854
5854
5854
5854
5857
5857
5867
5867
5867
5867
5867
5867
5867
5867
5867
5867
5867
5867
5867
5867
5867
5867
5867
5867
5867
5867
5867
5867
5868
5868
5868
5868
5868
5868
5868
5868
5870
5870
5870
5870
5870
5870
5870
5870
5876
5876
5876
5876
5876
5876
5876
5876
5876
5876
5876
5876
5876
5876
5876
5876
5876
5876
5876
5876
5876
5876
5876
5876
5876
5876
5876
5876
5876
5876
5876
5876
5876
5876
5876
5876
5876
5876
5876
5876
5876
5876
5876
5876
5876
5876
5876
5876
5876
5876
5876
5876
5876
5876
5876
5876
5876
5876
5876
5876
5876
5876
5876
5876
5876
5876
5876
5876
5876
5876
5876
5876
5876
5876
5876
5877
5877
5877
5877
5879
5879
5880
5882
5884
5885
5891
5906
5906
5906
5906
5906
5906
5906
5906
5906
5906
5906
5906
5914
5919
5919
5927
5949
5951
5952
5961
5961
5963
5967
5968
5970
5973
5973
5973
5973
5973
5973
5973
5973
5973
5973
5973
5973
5973
5973
5973
5973
5973
5973
5973
5973
5973
5973
5973
5974
5982
5982
5982
5982
5982
5982
5982
5982
5982
5982
5982
5982
5985
5985
5989
5990
5997
6016
6018
6020
6024
6025
6025
6025
6025
6025
6025
6025
6025
6025
6026
6026
6026
6026
6026
6026
6026
6026
6026
6026
6026
6026
6026
6026
6026
6026
6026
6026
6032
6032
6032
6032
6032
6032
6032
6033
6033
6033
6033
6033
6034
6034
6034
6034
6034
6034
6034
6034
6034
6034
6034
6034
6034
6034
6034
6034
6034
6034
6034
6034
6034
6034
6034
6034
6034
6037
6045
6050
6053
6053
6059
6059
6064
6070
6071
6071
6071
6071
6071
6072
6076
6085
6093
6093
6093
6093
6093
6093
6093
6093
6093
6093
6093
6093
6093
6093
6093
6093
6093
6093
6093
6093
6093
6093
6093
6093
6093
6093
6093
6093
6093
6093
6093
6093
6093
6093
6093
6093
6093
6093
6093
6093
6093
6093
6093
6093
6093
6093
6093
6093
6093
6093
6093
6093
6093
6093
6093
6093
6093
6093
6093
6093
6093
6093
6093
6093
6093
6093
6093
6093
6093
6093
6093
6093
6093
6093
6093
6093
6093
6093
6093
6093
6093
6093
6093
6093
6093
6093
6093
6093
6093
6093
6093
6093
6093
6093
6093
6093
6093
6093
6093
6093
6093
6093
6093
6093
6093
6093
6093
6093
6093
6093
6093
6093
6093
6093
6093
6093
6093
6093
6093
6093
6093
6093
6093
6093
6093
6093
6093
6093
6093
6093
6093
6093
6093
6093
6093
6093
6093
6093
6093
6093
6093
6093
6093
6093
6093
6093
6093
6093
6093
6093
6093
6093
6093
6093
6093
6093
6093
6093
6093
6093
6093
6093
6093
6093
6093
6093
6093
6093
6093
6093
6093
6093
6093
6093
6093
6093
6093
6093
6093
6093
6093
6093
6093
6093
6093
6093
6093
6093
6093
6093
6093
6093
6093
6093
6093
6093
6093
6093
6096
6097
6102
6102
6102
6102
6102
6102
6102
6102
6106
6106
6106
6106
6106
6106
6106
6106
6106
6106
6106
6106
6106
6106
6106
6106
6106
6106
6118
6122
6124
6126
6126
6126
6126
6126
6126
6126
6126
6126
6126
6126
6126
6126
6126
6126
6126
6126
6126
6137
6140
6140
6144
6151
6151
6155
6155
6155
6155
6155
6155
6155
6155
6155
6155
6155
6155
6155
6155
6155
6155
6155
6155
6155
6155
6155
6155
6155
6155
6155
6155
6155
6155
6155
6155
6155
6155
6155
6155
6155
6155
6155
6155
6155
6155
6155
6155
6157
6159
6162
6165
6165
6166
6166
6166
6166
6166
6166
6166
6166
6166
6166
6166
6166
6166
6166
6166
6166
6166
6166
6166
6166
6166
6166
6166
6166
6166
6177
6181
6181
6181
6187
6189
6190
6197
6199
6202
6202
6202
6202
6202
6202
6202
6202
6202
6202
6202
6202
6202
6202
6202
6202
6202
6202
6202
6202
6202
6202
6202
6205
6205
6206
6206
6206
6206
6206
6207
6212
6217
6227
6238
6238
6238
6238
6238
6238
6242
6243
6247
6250
6250
6250
6258
6261
6270
6270
6270
6271
6271
6271
6271
6271
6273
6273
6283
6283
6284
6284
6284
6284
6284
6285
6294
6294
6294
6297
6297
6297
6297
6297
6297
6297
6297
6297
6297
6297
6297
6297
6297
6297
6297
6297
6297
6297
6297
6297
6297
6297
6297
6297
6297
6297
6297
6297
6297
6297
6297
6297
6297
6297
6298
6298
6299
6299
6299
6299
6299
6299
6299
6299
6299
6299
6299
6299
6305
6319
6319
6330
6337
6343
6350
6350
6350
6350
6350
6350
6352
6352
6352
6352
6352
6352
6352
6352
6352
6352
6352
6352
6352
6352
6352
6353
6353
6353
6353
6353
6353
6353
6353
6353
6353
6353
6353
6353
6353
6353
6353
6353
6353
6353
6353
6353
6353
6353
6353
6353
6353
6353
6353
6353
6353
6353
6353
6353
6353
6353
6353
6353
6353
6353
6353
6353
6353
6353
6353
6353
6353
6353
6353
6353
6353
6353
6353
6353
6353
6353
6353
6353
6353
6353
6353
6353
6353
6353
6353
6353
6353
6353
6353
6353
6353
6353
6353
6353
6353
6353
6353
6353
6353
6353
6353
6353
6353
6353
6353
6353
6353
6353
6353
6353
6353
6353
6353
6353
6353
6353
6353
6353
6353
6353
6353
6353
6353
6353
6353
6353
6353
6353
6353
6353
6353
6353
6353
6353
6353
6353
6353
6353
6353
6353
6353
6353
6353
6353
6353
6353
6353
6353
6353
6353
6353
6353
6353
6353
6353
6353
6353
6353
6353
6353
6353
6353
6353
6353
6353
6353
6353
6353
6353
6353
6353
6353
6353
6353
6353
6353
6353
6353
6353
6353
6353
6353
6353
6353
6353
6353
6353
6353
6353
6353
6353
6354
6354
6354
6354
6354
6354
6358
6365
6365
6365
6365
6365
6365
6365
6365
6381
6381
6383
6384
6384
6384
6384
6384
6384
6384
6384
6392
6392
6393
6393
6393
6397
6397
6397
6397
6397
6397
6397
6397
6397
6397
6397
6397
6397
6397
6397
6397
6397
6397
6397
6397
6397
6397
6397
6397
6402
6402
6402
6402
6402
6402
6402
6402
6402
6402
6402
6402
6402
6402
6402
6402
6402
6402
6402
6402
6402
6402
6402
6402
6402
6402
6402
6402
6402
6402
6402
6402
6402
6402
6402
6402
6402
6402
6402
6402
6402
6402
6402
6402
6402
6402
6402
6402
6402
6402
6402
6402
6402
6402
6402
6402
6402
6402
6402
6402
6402
6402
6402
6402
6402
6402
6402
6402
6402
6402
6402
6402
6402
6402
6402
6402
6402
6402
6402
6402
6402
6402
6402
6402
6402
6402
6402
6402
6402
6402
6402
6402
6402
6402
6402
6402
6402
6402
6402
6402
6402
6402
6402
6402
6402
6402
6402
6402
6402
6402
6402
6402
6402
6402
6402
6402
6402
6402
6402
6402
6402
6402
6402
6402
6402
6402
6402
6402
6402
6402
6402
6402
6402
6402
6402
6402
6402
6402
6402
6402
6402
6402
6402
6402
6402
6402
6402
6402
6402
6402
6402
6402
6402
6402
6402
6402
6402
6402
6402
6402
6402
6402
6402
6402
6402
6402
6402
6402
6402
6402
6402
6402
6402
6402
6402
6402
6402
6402
6402
6402
6402
6402
6402
6402
6402
6402
6402
6402
6402
6402
6402
6402
6402
6402
6402
6402
6402
6402
6402
6402
6402
6402
6402
6402
6402
6402
6402
6402
6402
6402
6402
6402
6402
6402
6402
6402
6402
6402
6402
6402
6402
6402
6402
6402
6402
6402
6402
6402
6402
6402
6402
6402
6402
6402
6402
6402
6402
6402
6402
6402
6402
6402
6402
6402
6404
6404
6406
6410
6411
6415
6416
6416
6416
6417
6417
6421
6421
6422
6426
6426
6426
6426
6426
6426
6426
6426
6429
6433
6433
6433
6433
6440
6440
6442
6446
6446
6449
6449
6449
6449
6449
6449
6449
6463
6470
6470
6470
6471
6471
6471
6471
6471
6471
6480
6481
6481
6481
6483
6485
6486
6488
6488
6488
6493
6493
6495
6495
6495
6495
6498
6499
6499
6499
6499
6499
6499
6507
6507
6507
6507
6507
6507
6507
6507
6507
6507
6507
6507
6507
6507
6507
6507
6507
6507
6507
6507
6507
6507
6518
6518
6518
6518
6518
6518
6518
6518
6518
6519
6523
6525
6525
6525
6525
6525
6526
6526
6529
6529
6533
6533
6533
6534
6534
6537
6537
6537
6537
6537
6537
6537
6537
6537
6537
6537
6541
6542
6542
6542
6543
6550
6550
6550
6550
6551
6551
6551
6551
6551
6551
6551
6551
6551
6551
6551
6551
6551
6551
6551
6552
6552
6552
6552
6552
6552
6552
6556
6556
6556
6556
6556
6556
6558
6565
6566
6566
6573
6577
6577
6577
6577
6577
6577
6577
6577
6577
6577
6577
6577
6577
6577
6577
6577
6577
6577
6577
6577
6577
6578
6578
6578
6579
6585
6585
6585
6585
6585
6585
6585
6585
6585
6585
6585
6585
6585
6585
6585
6585
6585
6585
6585
6585
6585
6585
6585
6592
6592
6596
6596
6596
6596
6596
6596
6596
6596
6596
6596
6596
6596
6596
6596
6596
6596
6596
6596
6596
6596
6596
6596
6596
6596
6596
6596
6600
6600
6608
6608
6608
6608
6612
6612
6612
6612
6612
6612
6612
6612
6612
6612
6612
6612
6612
6612
6612
6612
6612
6612
6612
6612
6612
6612
6612
6612
6612
6612
6617
6617
6617
6617
6617
6617
6617
6617
6617
6617
6617
6617
6617
6617
6617
6617
6617
6617
6617
6617
6617
6617
6633
6633
6633
6633
6633
6633
6633
6633
6640
6640
6644
6649
6652
6659
6659
6659
6669
6673
6673
6673
6673
6673
6679
6679
6682
6682
6682
6687
6687
6687
6687
6690
6691
6696
6698
6703
6703
6703
6703
6705
6705
6705
6705
6705
6705
6705
6705
6705
6705
6705
6705
6705
6705
6706
6706
6706
6708
6708
6708
6708
6708
6708
6708
6708
6708
6708
6708
6708
6708
6710
6710
6710
6713
6715
6719
6719
6719
6719
6719
6719
6719
6719
6719
6723
6723
6723
6723
6723
6723
6723
6723
6723
6723
6723
6723
6723
6723
6723
6723
6723
6723
6723
6723
6723
6723
6724
6724
6734
6737
6737
6737
6737
6737
6743
6743
6743
6743
6749
6749
6749
6749
6749
6751
6751
6757
6758
6758
6758
6758
6759
6760
6762
6768
6768
6768
6769
6769
6778
6778
6778
6778
6778
6778
6778
6792
6798
6798
6798
6798
6798
6798
6798
6798
6798
6798
6798
6798
6804
6806
6808
6812
6813
6813
6813
6815
6815
6815
6815
6815
6815
6815
6815
6826
6826
6826
6826
6836
6836
6836
6836
6836
6836
6836
6836
6836
6836
6836
6836
6836
6836
6836
6836
6848
6848
6848
6848
6848
6848
6848
6848
6848
6848
6848
6848
6848
6848
6848
6848
6848
6848
6848
6848
6848
6848
6848
6848
6848
6848
6848
6848
6848
6848
6848
6848
6848
6848
6848
6848
6848
6848
6848
6848
6848
6848
6848
6848
6848
6848
6848
6848
6848
6848
6849
6853
6853
6853
6853
6854
6854
6856
6858
6858
6858
6858
6858
6858
6858
6858
6858
6858
6858
6858
6858
6858
6858
6858
6858
6858
6858
6858
6858
6858
6858
6858
6858
6858
6865
6867
6867
6867
6868
6870
6895
6912
6913
6914
6914
6914
6914
6914
6914
6914
6914
6914
6915
6915
6915
6915
6915
6915
6915
6915
6915
6915
6915
6915
6920
6931
6935
6935
6936
6936
6939
6939
6939
6939
6939
6939
6939
6939
6939
6939
6947
6951
6952
6963
6963
6963
6963
6963
6963
6963
6964
6967
6967
6967
6967
6967
6967
6967
6967
6967
6967
6973
6973
6973
6973
6974
6976
6976
6978
6980
6983
6991
6996
7003
7003
7003
7003
7003
7003
7004
7005
7005
7005
7005
7005
7005
7005
7005
7005
7005
7006
7006
7006
7008
7008
7008
7008
7008
7008
7008
7008
7008
7008
7008
7008
7008
7008
7008
7008
7008
7008
7008
7008
7008
7008
7008
7008
7008
7008
7008
7008
7008
7008
7008
7008
7008
7008
7008
7008
7008
7008
7008
7008
7008
7008
7008
7008
7008
7008
7008
7008
7008
7008
7008
7008
7008
7008
7008
7008
7008
7008
7008
7008
7008
7008
7008
7008
7008
7008
7008
7008
7008
7008
7008
7008
7008
7008
7008
7008
7008
7008
7008
7008
7008
7008
7008
7008
7008
7008
7008
7008
7008
7008
7008
7008
7008
7008
7008
7008
7008
7008
7008
7008
7008
7008
7008
7008
7008
7008
7008
7008
7008
7008
7008
7008
7008
7008
7008
7008
7008
7008
7008
7008
7008
7008
7008
7008
7008
7008
7008
7008
7008
7008
7008
7008
7008
7008
7008
7008
7008
7008
7008
7008
7008
7008
7008
7008
7008
7008
7008
7008
7008
7008
7008
7008
7008
7008
7008
7008
7008
7008
7008
7008
7008
7008
7008
7008
7008
7008
7008
7009
7009
7009
7009
7009
7010
7010
7015
7015
7015
7015
7015
7015
7015
7015
7015
7015
7015
7015
7015
7015
7015
7015
7015
7015
7015
7015
7015
7015
7015
7015
7015
7015
7015
7015
7015
7015
7015
7015
7015
7015
7015
7015
7015
7015
7015
7015
7015
7015
7015
7015
7015
7015
7015
7015
7015
7015
7015
7015
7015
7015
7015
7015
7015
7015
7015
7015
7015
7015
7015
7015
7015
7015
7015
7015
7015
7015
7015
7015
7015
7015
7017
7018
7018
7018
7018
7018
7018
7018
7018
7018
7018
7018
7018
7018
7018
7018
7018
7018
7018
7018
7018
7018
7018
7018
7018
7018
7018
7018
7018
7018
7018
7018
7018
7018
7018
7018
7018
7018
7018
7018
7018
7019
7020
7020
7023
7023
7023
7023
7023
7023
7023
7023
7023
7023
7023
7023
7024
7036
7036
7036
7048
7048
7048
7048
7048
7048
7048
7048
7048
7048
7048
7048
7048
7048
7048
7048
7048
7048
7048
7048
7048
7048
7048
7048
7048
7048
7048
7048
7048
7048
7048
7048
7048
7048
7048
7048
7048
7048
7048
7048
7048
7048
7048
7048
7048
7048
7048
7048
7048
7048
7048
7048
7048
7048
7048
7048
7048
7048
7048
7048
7048
7048
7048
7048
7048
7048
7048
7048
7048
7048
7048
7048
7048
7048
7048
7048
7048
7048
7048
7048
7048
7048
7048
7048
7048
7048
7048
7048
7048
7048
7048
7048
7048
7048
7048
7048
7048
7048
7048
7048
7048
7048
7048
7048
7048
7048
7048
7051
