62324
143301
127092
130334
219073
235962
240967
265741
217067
152375
160479
264987
270174
346408
276569
575028
201818
254936
301527
301389
326460
295080
253986
199809
176268
294427
323141
321485
299421
283428
173966
165195
327405
316939
331008
332047
292996
181671
179049
310992
297447
299797
276650
263437
155824
159011
265059
302746
332511
337161
261482
196860
200460
321280
357946
363959
426655
290674
192612
205135
324429
390541
367826
299499
289606
220802
191514
424308
479895
358512
429236
370666
230702
204107
327364
368760
371888
325466
301489
242707
253142
334698
333755
442022
330370
292922
214830
220653
348934
442082
502735
352663
257902
208812
207179
287571
391999
401090
425238
339459
287019
264399
405587
399620
423810
364533
350248
381068
320951
590514
537559
461103
463602
444393
319967
261541
420828
391824
385941
425306
277160
211458
253502
389516
418476
395385
443298
375280
275604
266569
456720
447018
430855
398892
419288
271124
234323
385655
422488
418000
400927
300865
295082
206168
278943
375681
355614
357355
296825
239830
