8
1511
2
6580
8
291
369
1272
1307
1524
1996
2252
2657
2762
2786
3237
3275
3481
3611
3769
3782
3786
3819
3830
4455
4729
4963
4964
4966
5942
6157
6458
6989
7047
202
316
337
493
613
754
1405
2141
2215
2285
2313
2535
3030
3438
3878
3879
3921
4104
4162
4302
4412
4683
4797
4821
4956
4957
4994
5269
5353
5507
5636
5766
5767
6131
6150
6155
6179
6675
3959
2582
794
32
38
3050
3357
3660
634
766
1572
5123
30
2645
5084
5328
6515
55
56
58
59
60
61
63
696
1221
1541
1636
1776
1847
2185
2548
4082
4215
4280
5325
5827
5899
57
72
861
1649
3031
3431
3663
3729
4371
4410
4552
4556
4854
5594
6308
6455
6873
3633
4338
4552
4556
63
77
167
4172
6279
1933
60
1541
59
6953
59
60
61
1541
3320
3923
1000
4241
6867
6868
1472
4370
470
3958
860
2350
2872
5038
5039
813
4805
4032
50
3159
1195
1884
6200
2321
3047
3074
3106
4763
789
1090
83
979
1419
4841
6217
6842
499
3735
6437
4484
545
272
6882
134
2710
3886
148
2230
4423
6168
6246
6343
6521
6212
1429
3658
269
1475
1744
3187
3629
5149
66
167
183
296
355
486
667
696
819
891
992
1013
1173
1221
1350
1373
1388
1541
1723
1754
1847
2149
2376
2442
2479
2567
2589
2662
2816
2857
3024
3388
3707
3821
3836
4178
4211
4263
4280
4338
4367
4371
4383
4407
4411
4415
4417
4418
4423
4426
4711
4839
4854
4903
5078
5325
5359
5437
5452
5453
5500
5825
6197
6337
6387
6532
6674
6680
6682
6954
56
63
417
546
592
935
1724
1745
2090
2204
2360
2366
2396
2596
2923
3080
3428
3663
3670
3729
3960
3971
4172
4173
4181
4314
4408
4410
4412
4414
4416
4419
4556
4616
5052
5136
5430
5873
5900
5909
6308
6338
6360
6499
6610
5496
284
2857
4371
6059
6061
2420
4468
5873
154
6105
4436
2786
3438
6934
531
676
1029
1561
2495
3504
3522
3616
5480
26
4027
204
204
206
659
4027
26
6056
3490
4429
219
220
221
2679
5080
831
2797
2040
5129
1293
2509
2572
4032
4949
3259
3344
4272
5586
234
74
156
455
554
567
595
616
890
1184
1442
1533
1819
2251
2264
3288
3921
4609
5046
5051
5153
5174
5190
5289
5466
5913
6070
6113
6576
6800
5560
3470
2645
2789
2930
4126
5193
399
5646
2655
2776
2777
4676
273
1472
2657
2339
1186
3886
1513
4443
276
1155
1826
2307
3072
3283
5042
5064
5523
5809
6565
6783
2167
3451
311
3451
621
3929
321
337
3933
4508
6555
294
332
957
4063
5896
2491
3506
3830
321
321
329
337
1748
4814
269
472
2321
3104
3418
4008
4515
4517
4520
5377
78
155
479
693
1459
4123
4165
312
3613
3902
6012
311
1786
3451
4229
4233
4929
5521
6438
6739
7021
2002
3455
3459
5642
1608
3259
5547
4958
2622
1047
5184
4302
4459
6083
6120
6204
1156
2833
6624
951
3872
4006
2925
3573
5327
1920
3308
3698
327
436
3491
5841
2131
4485
5841
6313
4561
450
453
4165
3697
4135
5029
5049
5097
5637
6379
154
453
105
1064
2015
3932
443
444
453
454
458
5055
5636
450
6460
453
1557
4206
477
1438
1575
4032
5907
1541
3339
4487
4604
513
1874
3890
6635
487
1407
1707
1875
3732
6274
5236
6770
562
726
770
783
1034
2164
2219
3799
4833
5033
699
2550
2726
3932
4162
4260
5304
5517
4135
5213
5343
6458
374
871
913
3611
2734
5059
986
6504
332
352
3728
6380
6631
6499
3104
573
631
631
158
261
288
577
588
677
694
810
827
938
951
1042
1073
1198
1216
1309
1398
1682
1720
1749
1916
1918
2001
2120
2606
2867
2899
3004
3052
3415
3430
3585
3924
4083
4146
4262
4483
4554
4623
4685
4793
4803
4830
4872
4874
5106
5115
5247
5665
5912
5929
5959
6410
6536
6594
6609
6614
6707
6855
7036
56
297
502
578
619
632
706
811
953
1017
1100
1254
1280
1572
1632
2002
2173
2418
2702
2926
3092
3419
3459
3699
3796
4002
4206
4367
4375
4485
4487
4530
4556
4674
4701
4725
4824
5094
5099
5594
5701
5793
5811
5889
5924
6115
6152
6166
6220
6659
6675
6995
7025
511
1916
2666
2182
2408
227
680
3073
5737
6082
6085
312
4098
5415
5435
6484
133
601
275
3709
3776
6793
269
2648
4436
4841
4032
1162
2017
4339
1327
367
3267
2710
3047
4789
4992
12
1516
6115
6645
1826
5860
6866
255
1919
2455
3441
3480
4442
4454
5517
5590
5738
6960
3437
3555
4456
4826
5826
6882
6992
1020
1344
2007
4390
3521
4552
5825
284
1173
4263
4371
2629
75
116
117
216
301
430
665
1104
1172
1235
1313
1369
1676
1767
2188
2368
2520
2664
2671
3159
3683
3799
3818
4226
4354
4398
4790
4956
4957
4987
5630
5770
6176
6309
6471
76
132
182
214
269
329
368
680
1450
1456
1500
1512
1563
1771
1777
2072
2090
2131
3083
3506
3509
3574
3935
4223
4487
4841
4902
4958
5094
5398
5470
5594
5737
5962
6665
6807
6865
7041
673
40
681
976
2026
4139
100
1359
2744
4237
6304
1950
2703
3799
393
681
834
1387
1478
1503
2351
3934
4384
5318
5513
5567
5749
3336
3643
2007
5478
3962
5951
6488
1697
2334
3841
5776
3692
2200
3692
3902
6012
311
312
362
2695
3028
3132
3613
4229
4233
4929
5023
6438
6739
7021
779
1939
3363
1438
1530
5584
881
1089
1643
1645
2740
2788
2928
3517
5234
5321
6344
1190
1304
1421
3879
4735
4738
5088
5583
6238
6882
3599
61
809
3183
6855
6105
6152
809
1272
2845
3163
4009
6080
6959
36
2941
3670
5873
486
872
1220
1582
2175
2971
2974
3200
3406
3644
3747
4656
6414
778
824
826
873
1405
1507
1985
2569
2815
3116
3601
3748
5448
6360
6377
6989
2024
2211
4936
162
1800
3303
4468
4800
4879
6618
4951
2732
2403
481
2320
4124
1456
5823
6294
285
733
1286
2879
3234
3689
4302
5970
6343
2979
43
240
499
714
854
861
872
873
936
1014
1210
1392
1443
2043
2130
2175
2274
2701
2848
2967
3306
3735
3963
3973
4130
4218
4549
4757
5459
6095
6508
6660
6676
6715
6928
71
83
154
185
504
847
922
992
1010
1286
1349
1601
1777
1985
2206
2366
2396
2582
2646
2998
3670
3766
4096
4115
4220
4602
4850
4875
5078
5116
5130
5484
5486
5737
5796
5800
5817
5836
5873
5970
6138
6200
6289
6343
6455
6506
6657
6720
6848
6882
4423
5130
6343
1613
6455
922
979
3614
2957
2958
3200
3643
6984
368
3735
936
4115
2678
3541
1097
1099
1131
3553
5149
5263
3309
888
1255
3180
47
48
152
277
294
299
320
322
323
328
338
341
344
346
355
357
409
511
548
589
891
900
1064
1215
1583
1597
1603
1631
1952
2152
2518
2621
2647
2665
2718
2853
3326
3377
3388
3390
3391
3392
3403
3455
4063
4387
4388
4396
4559
4610
4823
4830
4860
5121
5279
5761
5896
6099
6141
6157
6231
6327
6380
6532
6960
7042
7047
81
202
281
298
316
317
329
334
342
345
350
376
413
424
618
632
633
634
673
675
986
1217
1514
1572
1585
1608
1662
1685
1725
2149
2194
2545
2580
2617
2722
2880
2970
3030
3129
3242
3314
3490
3565
3699
3718
3732
3776
3916
3960
4311
4469
4539
4544
4758
4813
4821
4824
4835
4981
5091
5317
5480
5588
5681
5696
5825
5924
5951
5953
5978
6045
6129
6158
6166
6200
6234
6263
6325
6504
6529
6555
6995
1402
4192
6282
276
1965
2302
3125
3760
4441
4548
4665
6432
6469
227
2919
4959
6795
76
4007
4032
4206
4256
5889
6476
1560
3679
4468
439
505
913
2024
2816
3565
3747
4601
4814
4987
6043
6103
6645
6865
6896
132
350
505
733
807
1273
1564
1967
2037
2141
2250
2339
2535
2885
3303
3391
3448
3802
3963
4104
4468
4741
4850
4957
5805
5836
5860
5935
5939
5985
6246
6602
6679
6836
6908
240
314
340
430
1840
1946
1970
2092
2176
3447
4032
4523
4624
4777
5315
6040
6457
52
743
1017
1286
1418
2845
2948
3001
3134
3908
4309
4781
4806
5123
5951
6408
6660
1092
2310
3808
1501
878
5924
2421
2725
3558
4334
5607
5964
3977
5828
5889
6818
3347
3106
757
982
1433
2852
5871
1418
4450
2209
2659
516
895
908
2466
2544
5213
5343
5802
6868
182
733
1001
1105
6867
173
5796
195
472
473
678
868
1550
2005
2007
2170
2306
2603
2606
2710
2877
2921
3075
3199
3348
3494
3547
3781
3821
3836
3903
4151
4343
4515
4516
4517
4518
4520
4521
4771
5735
5899
6003
6270
6750
479
546
579
666
1013
1154
1694
3129
3264
3388
3995
4178
4244
4302
4355
4741
4835
5115
5805
6120
6167
6583
6989
5
1018
1503
1029
4673
6221
2447
5964
5600
5828
5594
1039
3125
6537
3444
538
1092
4094
554
1783
6367
1119
2833
1042
6149
6191
6335
6457
7033
120
658
1207
1957
2121
2657
2922
4002
4449
6725
6868
2744
5328
1124
1102
1587
2633
4863
5066
5202
5260
5597
6815
3903
2069
6222
4741
2090
233
3572
456
2474
4673
1574
1137
1549
2381
4155
4222
4678
4922
5737
5935
5972
6203
6752
6820
6865
100
178
404
492
706
797
831
1182
1193
1553
1561
1611
1800
1867
2015
2151
2162
2668
2956
3021
3134
3187
3259
3456
3551
4126
4249
4380
4552
4720
4738
4789
4854
4873
4890
4920
5051
5084
5143
5153
5157
5173
5190
5206
5207
5260
5307
5455
5626
5712
5739
5860
5913
5928
6067
6105
6287
6295
6357
6408
6448
6499
6509
6655
6665
6674
6679
6997
4267
5803
2733
2788
2928
3652
4990
5127
5321
5403
6672
1202
193
449
1185
1897
3666
4064
4133
5084
5282
5347
5424
5462
5539
5540
6240
311
312
813
1208
1442
1897
3320
4555
5088
5096
5380
5455
5476
5773
6011
6039
6238
6239
6597
6716
6719
6727
6731
6733
6735
6740
6742
6743
6744
6770
6796
6882
1217
4707
5874
4707
5874
4280
2444
6955
1236
1237
1238
1239
1240
1241
59
505
1192
1755
2559
2676
6335
713
3487
4401
5304
6155
6166
6229
2733
1258
1155
6304
504
3766
3862
5107
1249
355
3391
1535
2083
2678
3107
3509
4803
5786
361
738
2066
5384
154
3487
4960
3487
187
643
1169
1173
1221
1290
1327
1386
1388
1536
1539
1603
1668
1754
1952
2533
2567
2771
3922
3944
4274
4280
4386
4615
4679
5058
5437
5698
5918
6062
6513
6532
6680
6724
7035
223
238
393
668
912
1665
1937
2149
2598
2630
2659
3591
3960
4544
6168
6277
6602
1327
4931
509
602
1039
1082
1253
1867
3445
4098
4193
276
4507
516
3336
4123
2905
1438
1536
2187
3109
5481
1944
4484
2648
3759
5793
6105
257
1419
1320
1317
1319
1320
1798
2340
2981
3757
3560
5681
6531
5693
725
4449
536
1598
2452
2454
2456
3135
3666
4101
6654
185
193
312
595
681
1092
1296
1370
1436
1440
1444
1773
1864
2027
2040
2149
2239
2243
2482
2625
2633
2962
2964
3125
3259
3283
3433
3755
3861
3863
3963
4093
4128
4221
4441
4544
4748
4823
4922
4943
4994
5018
5064
5143
5144
5157
5187
5312
5361
5369
5435
5523
5711
5876
5882
6105
6285
6443
6537
6783
564
463
515
1985
4612
4616
4730
6121
1244
2588
1017
1349
4352
141
1637
2363
1541
2420
4468
4552
6873
1767
6152
2923
210
1376
1377
1379
1381
1382
1383
4878
5370
5419
5420
6301
1375
3179
5375
5376
5422
1376
1379
1383
4878
5370
5419
5420
1375
3857
5422
2172
3988
5967
6825
6179
5370
5375
5419
1375
6544
1376
1384
1375
1375
1375
2555
1213
5096
6458
3542
5453
5816
1419
2017
4428
4961
6386
4961
4199
298
2159
2721
2881
4081
4367
4696
4868
5740
5742
6022
6760
6781
6893
163
210
607
1411
1514
1562
1639
1642
1668
2182
2457
2493
3420
3679
3698
3850
3963
4107
4231
4232
4237
4346
4359
4875
5175
5386
5455
5493
5807
5860
5935
6150
6279
6595
6892
6936
3420
5529
6790
4798
5950
3124
492
3283
4384
6105
6293
1292
1432
1611
2159
2240
3289
3683
4096
4509
4555
4803
4841
5773
6509
6761
21
56
71
74
236
269
287
455
492
579
595
617
727
794
797
996
1182
1189
1262
1533
1562
2015
2161
2251
2264
2334
2419
2648
2669
2785
3011
3167
3203
3207
3355
3759
3850
3883
4007
4036
4352
4436
4494
4548
4556
4613
4735
4809
4862
4921
4949
4994
5029
5046
5051
5072
5153
5157
5189
5366
5455
5456
5465
5598
5648
5712
5928
5962
6084
6105
6287
6293
6448
6475
6576
6577
6621
6655
6800
6843
6988
769
3731
298
1042
3979
544
3873
4412
1451
1711
5947
6726
6626
3438
5884
6975
1456
1478
6855
3908
4412
6715
6720
2710
3973
30
7052
287
5884
108
3657
4647
6936
3117
652
3417
328
332
499
620
827
848
868
976
1556
1939
2421
2803
2971
3269
3598
3747
4053
4232
4264
4343
5323
6579
6860
466
696
778
826
853
861
1235
1438
1642
2050
2500
2645
2655
3090
3210
3452
3560
3573
3601
4114
4265
4581
4902
4957
5084
5328
5380
5386
5567
5737
5935
6220
6289
6360
6438
6455
6479
6665
6746
6865
1613
636
68
1142
3958
6684
1467
5789
5788
1527
5348
6405
1541
1807
6882
6212
6439
4965
1242
1551
5534
1557
117
1172
1235
4685
1575
4144
6412
4242
5490
1783
1913
2049
6124
636
1018
1675
5988
1590
418
1104
2009
3261
3271
3414
3443
3455
4859
5905
6020
376
993
1777
1933
3393
3576
3638
4298
4741
5386
5715
6048
883
2659
1605
2537
398
2002
2970
1994
2340
3931
5227
5228
6012
6217
1559
2280
2951
175
284
658
883
3151
3618
3794
957
1816
1807
5889
4974
1644
1646
1647
1524
1645
465
5735
487
554
2027
3981
623
3536
4238
488
4964
1662
5553
3782
4597
943
4032
5553
2927
182
409
528
1686
1687
1689
2521
3030
3261
6298
6300
6529
6832
6996
632
1668
6995
6298
3242
947
89
488
6726
1296
2964
4098
970
1072
1225
1727
3494
5133
5420
5915
6703
155
666
836
2776
5084
5564
2928
3387
2931
227
227
1732
3354
3115
7033
464
676
1013
1037
1115
1173
3264
3314
3317
3382
3743
3777
4547
4848
5583
5704
6445
6610
2770
3484
6541
6605
1991
7002
602
1763
2746
5094
4963
6690
4013
6186
4215
864
1640
1780
3556
4968
5507
5817
1601
2015
2139
2375
2569
4300
312
1431
6727
4032
6323
1571
4624
1989
6905
2554
6936
2015
2513
2661
6152
4146
4872
3565
136
1816
2331
2691
2855
5229
4302
4374
1875
5529
1381
1804
1806
1807
1837
1841
1845
1871
1873
1883
1957
1959
1963
1989
2011
2035
2052
2496
3243
5517
6301
525
3080
6272
6746
6807
1872
1989
2214
6463
486
696
4371
4854
6308
35
710
912
1152
1852
1853
1858
2044
2049
2051
2347
3309
4344
4345
4346
5185
5744
5851
6445
6886
132
1529
2037
2566
4356
5099
2347
3487
1203
1325
1691
2165
2170
5735
6270
6503
666
4741
4848
5941
1133
1841
240
2228
343
448
1479
1707
1875
4551
4645
5084
6220
587
1176
2847
5327
6105
6274
5084
6483
6105
6274
6903
1381
1873
1959
2331
3604
2228
3753
2853
18
1636
1834
3452
628
228
356
710
785
882
1096
1556
1607
2168
2214
2357
2460
2559
2676
3036
3235
3494
4396
4417
4627
4819
5861
6152
6154
6193
6233
6316
6462
6602
6652
6855
6884
6989
71
245
328
337
503
518
688
993
999
1494
1509
1574
1705
2201
2213
2530
2537
3085
3094
3099
3143
3254
3649
4560
4612
4725
4860
5353
5367
5522
5620
6119
6140
6156
6323
6325
6394
6521
6641
6882
1897
6285
1897
3861
6582
7050
2806
4558
199
5613
4940
5626
589
1281
1921
2157
4747
5710
210
355
3850
6315
5382
5709
4249
6131
4647
1777
1478
4958
5524
368
439
4689
419
1745
1985
6390
6876
5947
4342
1933
1991
372
1386
4424
668
3591
1845
525
1807
2014
6510
154
713
2427
2555
2645
3099
6781
1446
1806
1841
1871
298
871
1411
1420
1423
1424
1425
1426
1428
1851
2075
2084
2108
2159
2289
2353
2506
2665
2699
2721
3164
3348
3458
3460
3554
3769
4243
4277
4346
4363
4367
4564
4798
4868
5132
5740
5742
5791
6022
6150
6413
6760
6781
6816
6893
163
210
454
540
574
607
680
706
1154
1514
1562
1639
1642
1668
1773
2136
2182
2457
2493
2555
2885
3090
3124
3420
3679
3698
3816
3850
3963
4107
4231
4232
4331
4359
4541
4616
4651
4653
4875
5159
5175
5386
5455
5493
5529
5807
5860
5935
5950
6104
6179
6184
6279
6499
6521
6595
6721
6730
6737
6820
6892
6936
7022
7028
689
1255
1756
1951
1968
1991
2037
2628
2733
3293
3395
4966
5541
6323
6741
7052
425
3090
3518
6721
6736
141
294
1664
4678
5550
5633
5868
6802
6803
6804
6851
25
124
1224
1235
1280
1563
2032
2582
2801
3083
3304
3506
4498
4612
4673
4823
4958
5172
5260
5502
5738
6055
6229
6469
6665
6807
6866
6882
7029
2313
2964
5034
5633
325
341
614
860
1251
1289
1345
2091
2316
2582
2919
3503
3610
3726
3815
4174
4459
4461
4804
4947
5038
5874
5932
5991
6157
6269
6341
6568
7047
75
393
419
464
1037
1080
1766
1850
2023
2131
2295
2381
2400
2491
2756
2869
2873
3089
3637
3685
4019
4049
4485
4541
4606
4689
4691
5039
5654
5704
6570
6643
6824
4243
5353
3735
4798
936
4036
5796
6343
6739
6105
525
197
1967
3217
197
5123
4244
1419
2018
4428
4961
5938
1162
1873
1251
1255
5429
141
548
1359
2608
3289
3914
5648
6239
6663
1998
1998
1176
2058
2850
6497
6498
6497
2060
2057
6498
2063
2066
2077
5429
704
1541
3235
3297
3754
4630
7014
297
5464
6408
6221
1380
6544
23
467
619
2095
2096
2100
2101
2102
2103
2104
79
467
2094
23
467
2094
2095
2096
2098
2100
2102
2103
2104
5802
79
3129
4602
2098
6886
5099
2330
2109
4552
3953
5749
459
1541
2123
3621
3649
6767
493
630
636
1642
2744
2797
3837
5049
4209
1260
5836
6602
716
798
819
923
943
1629
2176
2703
2740
2899
3082
3572
3701
3858
3873
3978
4372
4677
6701
6931
486
922
1172
1421
1529
1636
1889
2317
2351
3107
3153
3210
3542
3900
4538
4725
4735
4774
4913
4920
5052
5261
5565
5942
5953
6650
6731
6820
6989
2811
3320
3431
4552
1326
1470
2421
2887
3630
3631
5145
5683
2147
6474
591
2421
2447
3439
4675
78
1017
1067
2819
3474
355
992
1173
1723
2857
3024
6387
6682
6954
546
2204
3080
4412
4494
4839
5453
2474
3063
2154
1026
2083
2213
2645
2930
4735
4238
3988
5967
6825
575
1970
2800
3256
3326
3062
4552
6041
1153
6467
4612
2055
479
4151
4516
4517
4518
1013
2567
2645
5140
2206
5195
5367
5478
5573
5636
5636
115
987
1133
1362
1548
1847
3274
3655
3803
3819
3978
4844
7030
417
696
1273
2141
2661
4275
4318
5169
5172
5304
6107
6308
6623
3670
184
1869
2208
3142
3231
4611
6289
993
2131
5149
6521
6337
833
2211
3688
3756
4169
507
1086
1387
2230
2239
2457
3010
3085
3320
2214
6156
2467
199
4129
2014
2240
1279
3555
4552
5371
6807
6843
2336
3683
4841
1492
702
3053
4302
4741
6882
6922
4173
4854
5900
6213
6448
613
113
131
162
180
210
383
387
402
493
579
613
680
694
781
805
817
833
836
868
905
976
996
1044
1092
1161
1235
1273
1300
1328
1402
1432
1462
1478
1501
1509
1561
1697
1839
1918
2014
2113
2159
2226
2239
2240
2245
2246
2248
2249
2250
2336
2353
2369
2414
2415
2582
2660
2710
2719
2786
3079
3107
3108
3153
3164
3234
3389
3392
3400
3437
3469
3555
3576
3613
3617
3683
3723
3775
3874
3888
4036
4155
4173
4201
4265
4274
4277
4286
4333
4354
4365
4367
4387
4428
4431
4434
4442
4445
4514
4548
4553
4586
4596
4612
4621
4637
4640
4666
4730
4780
4782
4803
4841
4854
4943
4971
5199
5230
5253
5278
5344
5389
5425
5428
5456
5496
5507
5633
5712
5761
5790
5858
5884
5924
5972
5989
6003
6029
6048
6115
6121
6129
6162
6200
6213
6222
6291
6448
6469
6509
6516
6588
6690
6698
6739
6806
6807
6824
6840
6899
6901
7002
7029
7049
21
56
112
151
155
233
250
283
285
295
361
390
392
488
501
540
549
607
616
634
668
681
706
794
795
825
827
829
832
935
953
975
994
1027
1029
1064
1135
1218
1279
1301
1389
1463
1475
1486
1504
1505
1513
1534
1563
1570
1571
1611
1665
1684
1724
1771
1773
1800
1889
1904
1972
2032
2074
2220
2230
2231
2232
2234
2235
2242
2244
2247
2266
2334
2375
2381
2400
2401
2545
2555
2569
2579
2668
2752
2761
2801
2923
2970
3132
3144
3167
3241
3295
3314
3320
3347
3438
3451
3456
3473
3511
3513
3589
3642
3771
3777
3850
3902
3914
3919
3927
3963
3994
4049
4093
4126
4143
4181
4184
4209
4249
4359
4464
4472
4475
4494
4508
4552
4556
4599
4602
4613
4616
4653
4671
4735
4741
4809
4848
4853
4875
4921
5039
5053
5099
5140
5153
5155
5186
5190
5193
5206
5207
5256
5366
5386
5390
5464
5535
5598
5610
5619
5648
5704
5747
5801
5816
5825
5900
5928
5958
5962
6012
6067
6084
6105
6287
6304
6355
6357
6408
6506
6580
6671
6675
6679
6730
6766
6797
6800
6843
6882
6908
6975
6976
6994
4155
1029
4971
3613
3573
4759
4763
325
6269
162
6213
6447
1296
2530
3026
3539
3903
5491
5518
6100
6119
6738
2373
3934
4741
5723
5792
6131
4201
2276
52
3175
745
445
459
491
660
1031
1043
1391
1699
1840
1907
2290
2294
2361
2505
2506
2802
3026
3439
3502
3632
3635
3747
3903
4054
4238
4259
4618
5100
5118
5608
5785
5925
5952
6009
6128
6363
6946
150
645
706
1647
1783
2373
2457
2645
2744
2838
2969
3497
3692
3693
4237
4541
5507
5521
5567
6129
6319
7011
1043
2292
807
2223
2061
1832
2396
3374
2870
6633
3974
4216
4226
6479
977
4094
5296
5341
994
1440
4253
4302
6882
2178
3192
3763
4601
6323
6837
4355
6155
5757
337
3452
3698
5312
6975
1238
1614
4313
5747
6726
951
3545
4104
4748
4841
6488
6657
6807
2328
4412
106
215
332
340
742
1175
1192
1313
1940
2254
2703
3443
3444
3471
3799
4621
5102
5113
5137
5348
5401
5517
6363
6437
7030
664
1411
1889
2311
2885
3153
3336
3436
3664
3670
3730
3782
3872
4115
4469
4725
4787
4835
4854
5464
5836
5839
5869
5988
6506
6602
6639
6699
6999
2391
3066
2364
2380
2391
1154
2648
6641
3379
6876
3963
4454
5860
5900
5939
6105
6618
6679
836
1432
1697
2336
2535
3874
4286
4586
4616
5425
6029
6115
6291
6357
6509
210
295
613
681
935
1029
1475
1504
1972
2032
2141
2369
2582
3108
3153
3234
3551
3683
4514
4735
4841
4854
5053
5155
5199
5206
5538
5884
5928
6048
6129
6200
6408
6448
6690
6797
6824
6840
6899
7029
602
2385
2385
602
4475
6843
3506
1332
2529
4152
5099
3498
1601
6506
2413
6030
5394
6063
273
1722
3357
3446
4213
4381
4760
5205
1000
1472
2141
2213
2214
3015
5564
2426
6282
1833
6595
2213
4393
5499
268
1562
2420
2655
2776
2777
3467
4468
4612
4676
5574
2026
6238
1186
3699
5991
6172
6882
4059
1432
3777
1044
2231
2243
2249
2386
2582
3874
4389
4971
6357
6509
6899
228
332
983
1090
1315
2092
2176
2221
2241
2423
2548
2551
2635
2703
2712
2783
2857
2883
3107
3285
3326
3443
3654
3799
3838
4139
4164
4204
4431
5000
5156
5245
5325
5348
5469
5602
5818
5969
6248
6694
6960
107
170
269
322
579
601
895
908
986
995
1192
1450
1585
2137
2351
3183
3318
3456
3569
4032
4208
4260
4536
4539
4741
4835
4875
4881
5160
5177
5884
5951
5953
5988
6249
6308
6378
6506
6699
5642
2366
6955
3159
182
321
1200
1919
2455
2456
3480
3873
4498
5134
5163
5517
5590
5738
6645
6654
6960
1768
2366
3450
4454
4456
4826
5476
5826
6357
6650
6882
2453
2454
3522
255
321
1787
1919
2683
3437
3480
3516
3555
4442
4454
4498
5163
5476
5517
5590
5738
6866
6960
2366
3450
4442
4456
4826
5826
6357
6882
5134
1768
6650
798
3649
4335
644
2475
5500
6037
446
2722
943
3782
3124
564
923
2078
2479
2976
4142
5440
813
3422
3921
4883
2740
3562
5260
6925
3692
1133
5896
5931
376
377
4850
5897
1601
6028
1603
4396
665
3818
4843
329
230
265
6077
6579
4096
4434
4905
6063
456
2531
4969
366
3490
3629
5123
6445
2964
4800
6808
3987
1265
2569
6901
2026
23
143
229
689
756
918
943
1072
1524
1638
1698
1703
2016
2043
2381
2382
2417
2740
2864
3042
3208
3425
3512
3870
3978
4540
4597
4618
4623
4674
4974
5344
5692
6481
6808
6876
6931
3
185
281
393
794
951
1181
1239
2313
2535
2572
2653
2801
3046
3144
3303
3334
3421
3664
3844
4032
4356
4741
4848
4854
4957
5088
5129
5333
5464
5696
5738
5741
5816
5873
5985
6059
6408
6435
6639
6665
6746
6866
6936
6975
6989
6992
7002
7014
1974
3809
2313
5989
6374
1039
1469
2251
2627
3072
3477
4800
5318
5876
5878
5879
5880
5881
5882
1155
1312
1469
1488
3072
3477
3911
4203
4755
5235
5699
6420
6565
6874
2434
4093
5181
5306
595
4098
5186
5202
5838
5876
6180
6447
6484
1034
2115
2749
4995
5181
5225
5236
5306
5972
5989
6619
6755
6942
6951
1
112
156
193
222
260
455
492
567
595
727
797
1039
1075
1102
1222
1296
1370
1444
1533
1587
1635
1922
2040
2161
2162
2195
2199
2264
2307
2332
2334
2593
2623
2736
2785
2962
3203
3289
3531
3927
4098
4319
4527
4616
4706
4713
4720
4786
4862
4919
4921
4924
4953
5029
5051
5072
5088
5089
5135
5143
5157
5186
5189
5190
5194
5202
5206
5207
5216
5250
5256
5338
5351
5359
5366
5421
5430
5456
5471
5523
5528
5530
5552
5598
5599
5610
6049
6070
6105
6113
6212
6213
6320
6351
6443
6448
6499
6567
6655
6662
6664
6770
6907
6941
6948
6950
6988
7026
4741
309
2642
2367
1494
2991
2651
99
38
635
959
4624
2121
5641
696
1198
1396
6204
2684
1557
154
5951
2705
4075
3638
3638
4075
245
1966
1995
6963
5673
80
215
367
388
646
662
713
749
805
831
995
1007
1145
1146
1213
1325
1338
1363
1410
1437
1520
1552
1695
1798
1810
1915
1930
2073
2142
2174
2181
2238
2370
2530
2634
2729
2780
2823
2888
3053
3117
3169
3173
3515
3598
3654
3724
3897
3903
3906
3909
4132
4177
4189
4198
4269
4418
4427
4553
4632
4773
4932
5123
5130
5218
5358
5423
5611
5669
5742
5768
5798
5856
5892
5947
6073
6101
6364
6467
6509
6510
6590
6634
56
161
221
285
298
416
503
562
571
666
702
703
734
801
922
1086
1212
1246
1331
1421
1468
1838
1843
1867
1945
2017
2152
2234
2364
2379
2391
2396
2784
2947
3125
3261
3317
3330
3336
3576
3861
3863
3898
3902
3908
3916
4172
4302
4380
4383
4555
4556
4581
4735
4741
4777
4848
4981
5053
5169
5177
5465
5476
5805
5826
5873
5898
5900
5951
5988
6011
6105
6261
6351
6355
6458
6679
6867
6995
7011
5669
605
6878
3082
6701
2092
2604
467
6088
367
5899
376
543
1149
2741
3591
5543
3506
6605
4424
2777
4676
1890
1494
6102
6882
77
2889
3601
4114
5084
5567
3428
2826
868
5803
453
2727
4081
1236
1238
2915
1675
1005
4356
579
3498
118
2847
3126
2566
4137
4143
4425
6629
2353
6773
841
946
5095
871
1420
1423
1424
1425
1428
2075
2506
2861
3460
4237
5742
6150
210
540
574
1426
1965
2862
3094
3921
4541
4651
4875
4940
5159
5711
5807
5860
6104
6156
6760
7022
3554
689
6731
628
1892
413
1092
1239
2310
2889
3808
3879
6179
1235
3808
2890
5764
2054
1773
285
2734
5624
1529
2204
2239
2266
2576
2736
3663
4741
4949
5059
5522
5869
6313
7050
2115
2910
3073
5236
5972
6619
6951
112
272
276
407
455
567
595
616
1039
1075
1102
1163
1222
1296
1370
1444
1533
1587
1635
1742
2040
2161
2199
2251
2264
2307
2332
2627
2633
2785
3041
3289
3366
3667
3886
4098
4319
4526
4527
4862
4919
4921
4924
4998
5029
5036
5051
5072
5135
5140
5157
5202
5207
5235
5250
5256
5260
5289
5307
5337
5338
5366
5421
5430
5456
5471
5523
5528
5530
5552
5598
5610
5821
5838
5860
5876
5878
6049
6180
6212
6320
6321
6499
6576
6655
6815
6923
6926
6941
6948
6950
6988
6994
7026
2092
2702
5625
2946
785
2157
3042
7054
1509
3374
30
2645
1141
2916
3898
4269
4628
6427
996
1985
1989
2268
2930
3115
3560
4425
4486
4758
5328
6438
6468
800
1313
1617
2107
2180
2327
2696
2844
2984
3425
3700
3703
4784
6334
6648
57
505
1387
1486
1509
2090
2218
2351
2509
3732
4631
4816
5039
5701
5817
5889
6063
6165
6467
6715
6720
5582
1218
1397
3322
3916
6358
6736
1598
1792
1829
3052
3326
4234
4332
4334
2182
3439
5600
5606
1642
3619
5328
1972
1238
3538
6579
83
4032
6408
2958
1890
3718
4074
4675
6408
5454
2781
602
1513
4173
4552
5737
6073
6233
6431
6753
71
234
407
975
996
1944
2264
2313
2624
2781
2937
2956
2963
2965
3103
3874
4098
4126
4436
4748
4841
4946
5015
5268
5318
5365
5559
6777
6807
4115
2340
1133
2342
2559
2931
507
728
1863
2509
2661
3178
4850
5583
1105
787
2983
3873
4595
6235
1196
2031
4130
4854
1800
5693
6820
2121
5935
5773
2056
2057
2058
3014
6497
6498
2058
6497
6498
1105
128
1043
1129
1588
1737
1862
1907
2241
2342
2460
3671
3783
4199
4261
5119
5627
5694
5755
5954
6124
6199
778
1018
3934
4486
6682
1555
1675
2434
2521
5
9
35
49
87
228
239
286
300
338
341
367
430
439
441
445
620
662
677
680
743
891
923
947
991
1123
1143
1147
1158
1195
1214
1281
1295
1405
1427
1479
1577
1599
1617
1634
1682
1683
1698
1779
1810
1832
1920
1925
1930
1932
1934
2033
2107
2122
2127
2267
2413
2524
2529
2535
2582
2604
2621
2634
2660
2698
2703
2711
2725
2771
2831
2880
2899
2991
2995
3035
3091
3162
3274
3303
3399
3404
3412
3432
3505
3545
3546
3572
3576
3604
3619
3658
3682
3683
3721
3744
3924
3944
4067
4079
4127
4142
4201
4210
4264
4265
4291
4344
4345
4346
4393
4399
4427
4442
4445
4454
4498
4563
4565
4615
4632
4670
4771
4823
4831
4872
4894
4905
4978
4992
5032
5152
5230
5319
5329
5344
5374
5382
5496
5623
5632
5698
5783
5806
5841
5848
5921
5935
6002
6005
6009
6061
6066
6236
6254
6413
6419
6449
6469
6512
6516
6609
6699
6767
6792
6848
6860
6869
6879
6895
6935
6984
7014
57
84
90
100
120
133
166
185
223
268
363
570
645
681
731
756
766
825
899
922
1000
1067
1143
1162
1172
1205
1217
1273
1412
1440
1564
1585
1608
1677
1690
1708
1777
1801
1824
1920
2050
2090
2182
2267
2313
2339
2348
2381
2427
2526
2653
2758
2834
2922
2956
3060
3092
3138
3168
3258
3304
3340
3365
3445
3578
3686
3699
3732
3748
3823
3846
3943
4096
4178
4209
4337
4467
4469
4539
4552
4599
4689
4743
4813
4826
4854
4879
4969
5099
5261
5269
5328
5375
5376
5390
5464
5484
5486
5538
5541
5588
5696
5841
5873
5958
5978
6093
6102
6261
6348
6360
6388
6458
6488
6579
6580
6595
6658
6697
6833
6867
6875
6906
6992
7029
7048
923
1214
1599
2535
3091
4344
4905
6066
6767
6895
6984
1158
2090
2381
2582
2660
3683
4096
4337
4346
4743
4826
4992
5873
6348
6388
6906
3040
3479
4631
6014
6592
545
904
1563
1678
2032
2260
2759
3039
3524
4693
4859
5323
5496
5514
5808
5940
6347
1801
3344
3957
4671
4741
5805
5839
5951
6488
6807
1563
5951
1154
507
4096
236
1189
1442
1611
2251
3207
3683
4555
5179
5189
5928
6287
6577
4436
3143
3990
6319
86
6458
7030
156
1533
6213
288
414
543
1920
2978
3308
4217
4831
5070
6182
6710
1777
1920
2535
3083
3429
3574
3698
4668
664
781
6166
4972
271
6649
1067
257
1319
3752
3902
4343
1419
1511
2348
2653
3451
3115
6438
3235
372
1614
3109
3596
3773
6100
733
2213
2214
3916
4425
5169
6901
2505
3411
831
6663
5805
2061
76
81
158
197
202
216
346
366
530
591
601
653
676
841
1333
2105
2447
2694
2758
2881
3144
3202
3314
3434
3438
3466
3565
3609
3980
4216
4288
4290
4336
4540
4599
4623
5390
6506
7039
531
836
858
1564
1771
2756
3143
3159
3360
3421
3459
3506
3574
3575
3616
3771
3788
4826
5099
5398
5594
5600
5816
6092
6104
6388
6995
3140
5816
3153
3018
6675
3091
3158
5975
4241
5710
6183
997
1767
3091
75
817
1219
1684
1991
2023
2870
2872
3491
3508
3723
5038
6471
6826
269
419
786
860
1500
1509
2011
2131
2209
2295
3610
3637
5039
6530
6675
6836
2
366
1132
1195
1599
1607
3383
3404
3959
5931
6710
908
2509
2920
2922
3099
4209
5039
6715
6720
3179
6019
2266
3183
4149
6221
3364
4508
1285
1865
2165
2170
6131
2957
2958
6715
6720
552
4425
1498
783
835
1548
2325
2671
2741
2829
2916
3121
3373
3655
3694
3978
4269
4983
6294
6938
552
951
1685
3001
3111
3331
3421
3902
4726
5660
6472
403
575
2092
4807
5650
5739
6547
1552
4727
6107
159
2941
3231
3233
5611
76
2671
1333
2766
2830
2927
3208
4356
1119
2833
6807
1920
196
1884
1920
6717
193
3723
4155
4841
5225
5763
6591
6922
74
112
162
178
180
488
832
836
1103
1188
1229
1533
1574
1575
2732
4319
4491
4616
5097
5206
5366
5455
5456
5821
6105
6212
6249
6441
6746
6800
6857
6908
5312
3347
3347
4973
1403
2203
3618
5740
6046
6054
6157
427
2315
3129
3905
5099
5309
5801
5802
4384
6302
4841
1189
1257
1431
1442
1444
1469
1488
1611
1724
1864
2040
2162
2199
2251
2264
2307
2313
2608
2624
2648
2727
2840
3032
3041
3072
3207
3477
3969
4436
4609
4613
5051
5177
5179
5207
5235
5599
5712
5756
6114
6304
6353
6475
6874
6997
3283
1280
1115
6729
1705
1869
2193
3265
6442
6531
6882
4096
2239
4096
4275
4367
4921
5636
999
1869
1893
1983
2193
2200
2496
3085
3265
3294
3301
3804
3938
4073
4096
4208
4423
4860
5353
5636
6174
6531
6882
6903
392
1705
4073
4835
5256
5598
6140
6152
6442
1108
1239
1336
2211
2263
2458
2519
2918
3010
3303
3404
3513
3939
4721
4757
4936
5892
6322
6344
6531
6802
6803
6804
162
350
668
1494
1541
1561
1602
2199
2246
3085
3094
3297
3452
4107
4375
4467
4612
4879
4913
5620
5768
6139
6174
6261
6448
6695
6800
6843
6857
6882
6556
4604
1106
1513
1758
407
975
1186
1486
2956
2964
2965
3072
3546
4841
5268
5884
3101
6882
2
24
42
43
44
140
150
172
202
215
244
294
332
338
340
346
349
360
377
408
439
491
502
519
525
531
545
560
572
583
585
621
644
657
662
667
670
673
675
692
709
717
748
779
787
810
855
861
913
914
955
961
983
992
1003
1026
1042
1043
1069
1148
1216
1220
1235
1250
1270
1271
1273
1295
1307
1319
1379
1398
1401
1404
1433
1445
1447
1450
1531
1540
1548
1550
1555
1561
1583
1595
1604
1605
1606
1618
1629
1640
1659
1664
1699
1722
1749
1774
1775
1783
1810
1832
1840
1853
1895
1913
1916
1918
1930
1938
1981
2001
2007
2049
2073
2091
2099
2154
2165
2176
2181
2186
2197
2213
2256
2263
2294
2397
2407
2415
2440
2445
2449
2496
2501
2505
2506
2507
2522
2524
2531
2532
2591
2606
2611
2621
2634
2664
2671
2679
2701
2718
2724
2760
2790
2814
2820
2857
2875
2887
2892
2893
2899
2903
2931
2948
2974
2997
2998
3004
3015
3047
3061
3074
3075
3084
3100
3126
3133
3142
3146
3149
3152
3164
3173
3176
3205
3208
3229
3248
3253
3261
3262
3276
3307
3329
3333
3348
3390
3403
3413
3415
3421
3432
3481
3491
3498
3499
3539
3547
3570
3573
3576
3581
3582
3585
3596
3624
3627
3641
3671
3700
3707
3711
3733
3744
3773
3774
3780
3782
3841
3895
3904
3918
3924
3933
3974
3979
4004
4027
4032
4101
4113
4130
4144
4148
4201
4210
4236
4238
4261
4264
4288
4307
4313
4343
4377
4427
4460
4482
4483
4496
4505
4517
4520
4525
4540
4582
4588
4618
4626
4635
4637
4640
4645
4652
4670
4679
4742
4751
4788
4793
4811
4838
4850
4868
4926
4938
4966
4976
4983
5032
5115
5138
5209
5229
5264
5270
5323
5374
5382
5385
5445
5448
5514
5518
5623
5643
5644
5692
5694
5702
5703
5715
5744
5761
5790
5795
5799
5818
5864
5896
5899
5925
5969
6001
6017
6030
6054
6060
6095
6124
6129
6175
6181
6236
6253
6260
6307
6341
6347
6386
6387
6388
6437
6445
6451
6469
6487
6488
6489
6569
6609
6704
6739
6745
6750
6795
6808
6809
6826
6846
6847
6855
6904
6905
6915
6934
6963
6986
7034
7036
7043
7
26
56
78
83
87
89
90
91
104
133
155
162
173
180
185
204
236
269
281
345
355
363
376
393
398
493
503
504
505
539
589
607
659
672
676
724
731
733
734
738
756
778
786
793
801
822
841
865
885
912
934
951
993
999
1018
1035
1092
1095
1107
1115
1117
1154
1172
1286
1288
1354
1375
1400
1413
1418
1451
1504
1511
1514
1525
1529
1571
1594
1601
1608
1655
1657
1667
1690
1718
1771
1777
1800
1801
1807
1814
1833
1854
1890
1929
1933
1952
1966
1985
1989
2010
2037
2050
2053
2090
2094
2147
2149
2151
2207
2232
2243
2249
2269
2285
2295
2310
2312
2317
2322
2337
2339
2340
2347
2366
2394
2412
2474
2502
2520
2579
2580
2586
2593
2661
2706
2776
2782
2815
2819
2929
2941
2970
3038
3039
3053
3065
3111
3129
3138
3144
3162
3210
3217
3264
3330
3344
3420
3429
3448
3450
3451
3459
3462
3478
3497
3505
3506
3510
3518
3523
3600
3601
3610
3683
3693
3749
3771
3772
3788
3801
3810
3822
3844
3870
3885
3886
4031
4035
4036
4114
4145
4206
4207
4249
4290
4348
4356
4434
4459
4485
4498
4548
4553
4585
4606
4661
4683
4731
4816
4826
4841
4854
4874
4875
4897
4957
5099
5130
5195
5309
5327
5328
5371
5389
5398
5480
5516
5594
5600
5642
5648
5660
5727
5737
5749
5766
5768
5793
5796
5800
5819
5836
5853
5869
5870
5893
5906
5924
5928
5935
5950
5951
5953
5961
5962
5993
6020
6064
6083
6107
6118
6121
6131
6139
6153
6160
6166
6167
6200
6204
6205
6217
6229
6259
6261
6272
6289
6296
6308
6323
6326
6338
6343
6356
6395
6427
6458
6471
6479
6563
6580
6602
6623
6695
6721
6790
6796
6807
6818
6820
6824
6836
6837
6848
6865
6867
6881
6901
6981
7011
4332
2867
4928
3334
4666
5667
709
743
4666
1004
1195
1148
1745
2920
3317
4007
4355
4949
5622
47
48
80
88
202
218
322
324
367
372
388
445
472
473
562
591
653
660
662
783
845
1038
1045
1048
1064
1096
1097
1141
1145
1146
1166
1213
1309
1380
1401
1429
1433
1479
1619
1675
1743
1751
1787
1796
1810
1812
1848
1872
1907
1930
2000
2029
2033
2087
2093
2105
2129
2142
2145
2181
2186
2197
2215
2226
2284
2289
2357
2359
2377
2403
2406
2421
2445
2449
2531
2532
2559
2564
2628
2634
2679
2747
2814
2852
2871
2943
2950
3026
3066
3089
3138
3144
3173
3180
3202
3219
3235
3239
3296
3384
3388
3411
3421
3425
3427
3439
3449
3466
3502
3504
3524
3538
3635
3733
3738
3747
3764
3781
3817
3854
3976
4121
4141
4143
4151
4288
4313
4334
4335
4336
4346
4399
4427
4435
4515
4516
4517
4518
4520
4521
4621
4632
4742
4745
4751
4760
4780
4826
4860
5032
5069
5071
5080
5106
5184
5213
5319
5339
5343
5390
5518
5753
5818
5856
5857
5861
5947
5964
5987
6009
6058
6081
6101
6123
6127
6147
6153
6166
6181
6255
6272
6415
6449
6450
6451
6453
6454
6471
6544
6591
6633
6680
6709
6934
76
90
165
479
490
632
633
635
666
766
891
912
922
942
1000
1018
1046
1047
1084
1092
1115
1117
1288
1331
1359
1404
1410
1411
1413
1440
1562
1685
1690
1724
1752
1771
1854
1864
2182
2310
2322
2337
2373
2379
2401
2493
2495
2545
2566
2579
2727
2758
2767
2828
2838
2947
3039
3094
3099
3143
3213
3249
3314
3317
3343
3365
3419
3450
3456
3462
3492
3518
3560
3627
3679
3685
3766
3776
3800
3898
3908
3921
3995
4114
4145
4290
4339
4355
4356
4371
4383
4398
4425
4541
4553
4709
4741
4758
4789
4794
4823
4900
5013
5099
5177
5327
5393
5407
5520
5521
5600
5695
5704
5711
5727
5802
5828
5898
5913
5951
5988
6005
6010
6104
6107
6155
6156
6194
6204
6319
6325
6356
6379
6395
6438
6466
6564
6623
6721
6818
6835
6995
6997
7011
346
496
1479
1851
2611
3726
4542
5491
5795
5969
7047
285
398
1359
2147
2706
3318
3344
4305
4759
4763
5317
5407
5793
5872
5102
322
4175
4794
1173
1815
1822
1825
2079
3164
3231
4027
4817
5666
6750
6876
26
204
206
207
393
468
554
659
1440
2030
3204
3259
3487
3636
4669
4869
6287
6319
6936
5567
745
2091
2316
2523
2731
2795
2798
3152
3503
3610
3611
3830
4071
4376
4611
4947
5654
5866
6186
6255
6706
1345
2544
4234
5040
6204
5367
5478
5554
6289
4115
3083
3506
5142
6807
660
1748
1854
2088
2296
2802
4237
636
1324
2089
2744
2545
5490
7024
3851
377
510
871
887
888
1605
2221
3102
3443
3745
4011
4588
4733
5385
5936
6241
6508
6656
6794
298
376
778
865
1018
1745
1933
1985
3741
4115
5796
6606
6832
6891
3247
5123
6504
3389
3392
4332
48
152
289
333
338
910
1126
2417
2588
2621
2665
3549
3933
4405
4819
5623
5931
6809
328
342
892
1857
2638
4035
4225
5099
6129
6200
4030
4321
6217
619
4206
151
4206
2108
4053
6124
493
636
5328
3512
5633
6341
1561
2801
3801
2453
2454
1078
1296
3255
2598
1055
3463
3782
3905
2152
3480
3398
3459
5668
3347
3450
3451
4032
4973
5155
3285
257
2491
427
660
1396
1463
1465
1577
1853
2095
2102
2105
2107
2445
2691
2824
2842
2865
2998
3186
3298
3656
3660
3697
3784
3981
4152
4814
5070
5388
5695
5761
5801
5802
5807
6282
6694
6710
7038
44
133
180
672
1107
1255
1359
1456
1464
1771
1854
2011
2053
2069
2090
2394
2418
2474
2579
3018
3143
3545
3716
4096
4207
4434
4760
4799
4969
5099
5120
5261
5309
5310
5547
5766
5773
5839
5928
5981
6029
6155
6228
6289
6697
6721
6848
6886
6940
7041
4757
3339
3247
4683
14
3635
3522
5793
294
656
2187
2480
2601
3186
3506
5431
6463
696
442
2023
2820
3508
3509
6587
2307
2633
3313
5530
5838
5876
5517
3908
1636
187
742
2652
3509
3591
4091
4645
4751
5267
6756
1205
1830
1952
3259
5478
6602
2213
1064
2214
2287
2315
2462
3138
4123
3546
3974
4148
4356
1801
5951
603
1133
2407
2958
2984
3200
3721
4697
6847
1863
3771
4009
4465
4614
81
4568
1332
2016
2798
2820
3151
3351
4541
745
2023
3210
3507
3508
3509
3510
3830
5654
7025
301
1105
5115
442
2955
3506
3553
888
5927
4976
584
4819
5863
7032
4486
5594
4395
1553
1933
3573
4495
40
6693
6343
7050
2792
4343
645
1038
3983
860
1251
2316
3637
3132
4929
6781
5899
6150
4552
3815
2544
332
340
1319
1691
1795
3349
3414
4199
4463
4771
5208
5896
6341
6375
318
355
1107
1400
1511
1602
1783
1933
2544
3038
3565
4423
4495
4687
5897
6025
6721
6833
1506
191
1932
4256
419
909
1478
1508
1934
4666
4689
6638
4693
1509
2831
3015
3104
6186
602
1107
1745
2023
3822
4036
4322
4725
5436
5807
5953
511
5413
9
1824
6580
1858
6807
3683
6580
1824
1602
2141
4009
4803
4476
102
3466
619
4206
5914
1368
1463
1465
3272
3736
257
307
644
748
1583
2664
3208
3248
3890
3933
5313
5717
6141
6388
6694
488
607
801
865
1231
2151
2316
2630
2670
4114
4242
4423
4947
5317
5490
5564
6129
6488
1035
488
3523
1937
441
619
1778
2535
3348
3419
3574
3808
4003
4959
4962
151
756
909
1092
1235
1438
1450
1456
2310
3242
3397
3807
5344
5819
5914
6746
2671
223
5594
1829
1408
2607
2984
3146
3596
4688
4688
2066
6457
245
3506
531
836
6061
5693
918
3808
3493
1228
2045
3969
1429
3271
5926
488
343
3636
5453
1238
3834
1807
4757
5491
3822
5889
2328
48
70
225
240
241
277
288
290
323
327
346
357
383
409
428
430
441
472
473
547
557
560
661
667
731
971
1066
1077
1109
1126
1198
1269
1376
1404
1427
1482
1555
1604
1617
1627
1775
1794
1801
1851
1872
1885
1974
2014
2176
2179
2186
2241
2284
2292
2306
2403
2417
2492
2509
2530
2606
2619
2660
2704
2705
2737
2921
2984
3040
3042
3052
3139
3142
3176
3180
3208
3243
3271
3286
3367
3399
3421
3443
3455
3480
3501
3549
3550
3561
3583
3625
3644
3660
3727
3760
3780
3781
3798
3799
3807
3830
3836
3902
3937
3953
4003
4124
4151
4201
4212
4216
4230
4256
4277
4457
4515
4516
4518
4521
4532
4573
4668
4733
4760
4819
4838
5106
5249
5623
5653
5709
5784
5789
5802
5804
5912
6030
6037
6040
6094
6134
6143
6147
6149
6186
6251
6260
6267
6307
6457
6508
6539
6615
6633
6748
6809
6917
6930
7033
223
316
318
322
342
345
381
466
471
479
546
570
589
619
656
724
734
801
837
863
865
909
986
999
1000
1001
1017
1018
1029
1110
1231
1280
1301
1359
1456
1706
1724
1814
1937
1957
1985
2010
2050
2053
2149
2310
2337
2373
2401
2418
2545
2586
2638
2657
2702
2717
2776
2781
3030
3099
3129
3242
3322
3336
3354
3397
3400
3420
3438
3439
3506
3560
3573
3713
3732
3743
3753
3769
3776
3777
3794
3977
4094
4304
4371
4485
4487
4544
4548
4578
4654
4759
4763
4874
4903
5386
5449
5484
5914
5920
5951
6014
6045
6083
6120
6131
6200
6237
6378
6488
6555
6593
6712
6790
6818
6867
3848
3861
3862
5763
7034
1401
6092
3859
3862
3863
2882
3861
6657
1091
591
2252
4725
5949
6722
6989
1103
3094
3320
3468
5157
882
3265
4060
3878
5636
6179
453
5061
1737
2294
3660
4261
5952
636
4541
827
5698
409
524
528
1629
1685
1686
1687
1689
2478
2521
3030
3261
3691
3886
3912
3913
3915
4173
6298
6300
6529
298
468
632
1246
1668
2784
5900
6131
6995
1668
3886
3913
6298
6529
4173
3919
5646
4874
4418
3756
114
1452
2321
3106
5905
6210
1505
2209
3065
4305
9
43
44
239
440
696
716
1022
1059
1396
1445
1802
1935
2094
2337
2652
2771
2810
2814
2892
2893
2899
2903
2906
3105
3142
3145
3149
3202
3206
3262
3417
3472
3492
3751
3774
3815
3944
3953
4164
4394
4426
4461
4563
4595
4599
4635
4688
4759
4860
5092
5138
5643
5955
6218
6491
83
90
166
202
328
680
743
756
841
1047
1064
1399
1463
1512
1517
1908
2131
2147
2209
2462
2804
3138
3153
3228
3242
3257
3322
3791
3945
4094
4459
4548
4688
4897
5099
5309
5344
5390
5766
5800
6020
6104
6107
6166
6194
6204
6388
6529
6746
6798
6818
6838
6810
723
1013
1672
3353
4178
4244
3138
4544
4699
5583
3289
4992
6617
3949
4102
4735
6473
6546
6625
6626
6627
6628
6629
6630
6631
308
3954
2790
2727
2645
2
294
709
1271
1664
1778
2095
2100
2553
2648
2738
2800
3184
3410
4250
4507
5431
6469
281
347
493
672
778
908
1172
1563
1564
1642
1934
1967
2011
2322
2582
2645
2815
2819
2840
3505
3601
3919
4054
4713
4902
4958
5084
5328
5567
5594
5796
5935
6179
6205
6721
6865
118
191
6381
154
2645
2851
3365
4383
5365
5985
6602
4148
5241
951
3981
6241
2742
5486
325
6269
6504
3834
4963
91
602
1509
3664
3674
3822
3850
4032
5436
5958
2440
1042
1273
5039
5807
6278
1100
4006
4032
6675
151
2649
6856
97
277
320
557
697
709
954
958
998
1309
1412
1851
1885
1994
2000
2254
2606
3049
3140
3247
3418
3494
3541
3817
3836
4116
4679
4760
5000
5799
6175
6269
6347
6569
6760
155
363
464
546
570
801
969
1013
1037
1115
1359
1434
1759
1855
1911
1933
2121
2215
2359
2418
2466
2756
2929
3037
3314
3459
3478
3479
3518
3545
3573
3693
3709
3716
3961
4123
4178
4423
4425
4683
4945
5069
5133
5394
5407
5547
5583
5750
5819
6025
6045
6272
6326
6592
6610
6835
6838
4040
4040
5052
3618
4050
4050
4489
152
5754
6088
6448
4068
3642
4107
688
6994
1117
2719
3462
4735
6473
4102
384
4098
6499
1239
6156
841
5155
5260
6699
1535
1979
5604
3892
4122
827
3892
3104
3518
3987
486
570
693
1759
2805
3314
3716
4883
6468
995
4975
1080
479
4159
4977
4977
4844
1472
4163
603
923
1124
1211
1443
2030
3721
1472
2141
4161
4163
5364
6886
6940
1225
2118
2342
3226
6787
4094
4322
5641
3836
6387
4494
5140
3711
4788
786
4175
5094
6882
36
663
4724
1682
2684
6360
3562
4894
4895
6374
3132
3613
5648
3613
6012
3451
1792
2675
1944
1695
5517
6467
255
2022
2607
2857
3618
4032
5560
2544
3331
3704
6793
2224
3269
4237
1534
3775
4666
5328
6469
1728
3931
4691
4804
5991
6838
647
137
677
3416
6657
6746
0
36
322
681
727
3203
6903
1834
4282
4283
4282
4281
4282
4283
4287
4496
4281
4282
4283
2981
3503
801
2340
3038
5951
76
216
672
3159
4599
5099
6277
4889
6882
4294
4597
6624
4773
285
5898
712
3799
4850
5491
6251
778
1029
2037
4175
5327
5484
5485
5988
6222
834
2732
3878
6715
6720
3799
4611
1819
5641
6237
4778
1467
5263
6593
6356
6225
6197
6279
3633
4552
4556
5062
6338
1332
1334
3151
3783
5396
6370
6795
1324
4348
4585
645
645
4564
6010
6497
2792
1890
2750
5247
6331
6656
6848
503
1148
1745
4007
4613
4854
4869
4883
6842
5389
2266
1456
167
891
935
1013
4178
4211
4423
4556
4839
4854
5078
5825
6599
6610
5123
2973
3161
3619
1793
3576
4744
6595
4393
2876
5909
486
4418
63
546
4314
4408
5909
4412
5453
14
355
819
992
3821
546
1724
2204
2567
3670
4178
4412
4854
4903
5078
5453
6610
4417
5437
6103
417
1173
3080
3971
4314
4371
5078
6113
4805
5571
5603
223
4468
5869
6115
6833
3963
5018
5361
1426
860
4376
393
4947
6204
1096
4061
4466
6226
4249
6012
4061
162
2420
6893
1510
244
265
1153
1334
1484
1516
1658
2178
3047
3276
3470
3808
4130
4470
5825
5932
6390
3
185
223
392
486
885
993
1011
1450
2316
2629
2885
2934
2941
3183
3320
3807
3879
4009
4314
4401
4423
4468
4476
4602
4735
4947
5328
6882
6999
7025
270
491
779
781
785
1210
1401
3244
3481
3574
3671
3799
4053
4976
5608
6414
778
1511
1639
2394
2744
3506
4486
5159
5328
5371
5485
5594
6063
6205
4485
2971
3269
2187
4271
4485
4486
8
380
548
588
621
781
864
1066
1108
1524
1578
1724
1918
2127
2353
2414
2870
2881
2931
3723
3859
4086
4476
4493
4637
4693
4719
4894
4938
4943
5056
5129
5163
5196
5329
5499
5546
5790
5990
6264
6288
6590
6968
21
31
100
112
156
173
178
185
216
250
311
337
392
402
407
416
452
488
490
567
617
634
680
681
725
731
782
824
825
829
831
853
905
975
987
1044
1157
1188
1218
1229
1235
1253
1279
1354
1455
1505
1533
1608
1635
1710
1771
1773
1800
2015
2032
2140
2143
2151
2152
2213
2230
2231
2234
2239
2242
2243
2247
2249
2334
2355
2369
2420
2482
2555
2576
2579
2648
2801
2840
2939
2970
3009
3078
3087
3090
3108
3124
3134
3144
3207
3213
3234
3242
3255
3422
3429
3438
3448
3451
3467
3589
3613
3616
3680
3683
3698
3699
3704
3775
3822
3861
3862
3893
3911
3914
3916
3927
4013
4024
4036
4076
4093
4096
4104
4107
4126
4173
4194
4208
4209
4237
4272
4352
4434
4449
4468
4491
4508
4514
4527
4552
4587
4599
4616
4629
4638
4653
4720
4741
4853
4854
4895
4919
4920
4921
4953
4971
5029
5046
5052
5089
5097
5140
5143
5161
5162
5177
5186
5206
5250
5253
5256
5301
5304
5337
5338
5359
5394
5456
5466
5496
5509
5523
5528
5535
5536
5538
5552
5565
5598
5610
5624
5631
5636
5679
5693
5705
5712
5805
5816
5821
5825
5860
5873
5943
6029
6059
6067
6070
6109
6167
6198
6246
6249
6266
6274
6293
6303
6304
6357
6398
6469
6488
6493
6499
6650
6665
6675
6677
6698
6730
6792
6797
6806
6807
6811
6820
6843
6857
6907
6908
6918
6921
6975
6981
7010
7026
7028
5988
6296
2734
2749
3416
4428
5624
921
1155
1440
2239
2246
2576
2736
2813
3072
3162
4741
4853
4940
5059
5172
5226
6313
7050
356
5859
5642
2629
1038
3054
3659
333
3783
2011
5344
5953
2249
6155
1175
2949
3208
3248
3414
724
731
6395
4903
66
1603
2118
2993
2994
4167
4909
238
2643
2860
4094
4253
5985
6736
6793
3647
2310
5750
4539
4557
4565
4571
1468
4392
4238
6054
5661
1985
918
1096
1672
3106
3574
3687
4849
6491
6514
6861
393
1438
2439
2826
2827
4339
4799
6088
2918
3649
1369
1753
2770
3484
6541
6605
841
4642
133
462
2016
4982
6569
493
1793
3187
3598
4875
5704
1045
1067
2815
3648
4331
5263
6014
611
2440
3883
1869
4060
1326
1470
4135
4890
100
199
255
402
1279
2428
3460
3952
4442
4498
4826
4943
6121
6238
6654
905
1475
2239
2243
2247
2249
2250
2582
3775
6287
6469
708
983
1477
1478
2987
5080
5130
6000
6294
6343
6720
713
2555
3059
4789
6107
6840
4841
6374
4666
3775
6690
206
207
152
621
1612
4057
6964
298
1172
3693
651
2340
2645
4835
5594
6351
5437
1000
2192
4404
473
951
1238
2077
2507
3769
3781
3924
3978
4140
4518
4693
4874
5633
5692
6054
6253
6363
617
724
731
1022
1119
3108
3159
3289
3344
3775
3822
4104
4666
4741
4748
4759
4763
4841
5747
5951
5962
6488
6657
6690
6807
2949
402
4689
4691
1133
4844
786
4104
4757
4573
5790
6807
3978
6292
2666
4729
4730
6304
6601
2820
4734
5958
3949
4735
4735
4735
2260
579
1389
2373
2669
2838
3616
5805
5951
666
1438
4714
333
4775
4776
4775
4776
228
1396
1679
3701
3711
4395
4769
4771
4773
6935
7013
3116
4561
6458
525
627
1031
1166
1343
2004
2434
2859
2916
2943
3063
3672
4344
4546
5783
6201
6531
6986
358
781
1472
1509
1748
1905
1989
2182
2337
2396
2586
2645
2702
3038
3111
3129
3365
3400
3970
4006
4025
4143
4244
4346
4383
4425
5407
5411
5727
5928
6723
6790
6818
6579
6905
29
1902
1998
1082
1405
6497
6498
6731
2
114
159
627
1068
1582
1624
2187
2218
3246
3404
3815
4174
4394
4452
4758
4796
5191
5270
5377
5477
6760
6840
183
672
786
894
1100
1387
2209
3347
3872
4032
4175
4371
4759
4763
4797
5309
5344
5464
5860
5955
13
3714
5518
2322
3192
3314
4381
2050
82
1876
2626
4693
4963
6282
861
4701
4992
333
724
2867
81
295
589
825
5825
634
511
2683
4821
6200
6249
455
794
890
1189
1191
1370
1442
2332
2633
3207
4642
4724
5046
5876
5888
5913
6882
3469
1255
1860
2037
2733
1514
5246
1464
2168
2198
3231
4627
984
2207
2209
3094
6105
6156
4864
263
301
459
590
976
1154
2789
3348
3554
3598
3649
4251
4795
5185
5199
5201
5431
6199
6220
6693
6828
7
30
100
292
493
656
743
1541
1642
2027
2090
2645
2930
3505
3601
3855
3970
4114
4170
4613
4902
5193
5328
5567
6217
6304
6892
2244
5263
6221
4993
750
2342
2859
2981
725
1855
2340
3378
1379
5370
5419
5420
1375
5375
5422
4115
739
3404
4889
5611
6294
5522
6138
6781
5021
5450
3863
6650
6374
4090
3087
6325
493
882
1077
1328
1361
1494
1636
1637
1867
2142
2143
2215
2217
2230
2616
2945
3085
3258
3299
3352
3468
3519
3649
3652
3688
4106
4208
4411
4552
4611
4905
5132
5576
5665
5679
5871
5949
6146
6150
6168
6635
6805
6873
425
507
829
1103
1115
1534
1541
2378
2420
2503
2811
3010
3072
3094
3259
3320
3431
3452
3467
3590
3879
3971
4107
4209
4467
4468
4879
4913
5304
5535
5747
5766
6105
6138
6156
6174
6179
6618
6695
6982
5665
493
696
2230
3258
1438
3814
6329
1814
6212
4823
204
206
207
2040
4669
5143
5187
5494
5705
864
3819
4530
417
703
2574
4275
5953
5944
5626
4940
4123
1640
4958
4959
4960
4962
4964
4965
4966
4974
4975
4978
4979
4982
4985
4987
4989
4993
368
484
3079
4961
4963
4967
4968
4969
4970
4971
4972
4973
4976
4977
4980
4981
4983
4984
4986
4988
4990
4991
4992
5167
4956
368
4958
4961
4963
228
338
394
1241
1638
1894
2263
2336
2800
3035
3082
3117
3235
3415
3513
3747
3840
4372
4393
4637
4684
4735
4752
4896
4936
4979
4987
5192
6291
6652
6660
6701
6967
57
162
185
207
781
832
1602
1668
1889
2369
2535
2576
3072
3099
3162
3187
3213
3225
3303
3514
3593
3730
3737
3750
3771
3782
3816
3837
3850
3879
3963
4096
4173
4300
4384
4389
4468
4587
4672
4702
4787
4847
4854
4879
4905
4915
4971
4992
5155
5353
5375
5376
5496
5693
5873
5909
5953
6012
6066
6073
6084
6156
6179
6213
6300
6448
6486
6516
6618
6659
6679
6699
6899
6908
6928
45
124
230
281
380
426
441
536
613
673
675
712
842
866
965
998
1068
1207
1258
1273
1338
1388
1462
1545
1551
1612
1659
1813
1835
1844
1855
2016
2029
2039
2143
2178
2182
2282
2313
2320
2400
2401
2415
2443
2635
2661
2678
2840
2881
2929
2951
3137
3332
3505
3549
3705
3720
3812
3907
3929
3976
4005
4070
4084
4164
4333
4362
4570
4645
4780
4927
4954
5007
5009
5014
5018
5027
5132
5180
5316
5330
5331
5388
5428
5433
5527
5531
5533
5543
5572
5605
5679
5739
5781
5833
5921
6030
6052
6103
6123
6324
6413
6486
6501
6675
6709
6792
6861
6898
6945
6985
7042
15
89
102
104
165
272
293
316
322
331
355
379
424
442
506
532
640
715
725
731
758
792
801
820
825
828
834
863
870
876
890
949
973
987
1018
1048
1082
1156
1209
1220
1247
1280
1349
1389
1407
1408
1442
1467
1584
1697
1699
1724
1730
1809
1814
1820
1839
1850
1858
1864
1892
1929
1939
1948
1967
1972
2042
2044
2071
2116
2134
2149
2196
2220
2268
2272
2309
2340
2359
2373
2379
2439
2462
2464
2488
2489
2620
2632
2670
2690
2694
2695
2700
2747
2818
2850
2860
2876
2878
2890
2922
2934
2956
3006
3016
3028
3048
3090
3101
3218
3234
3259
3314
3316
3317
3327
3331
3350
3357
3375
3381
3393
3448
3479
3482
3506
3537
3545
3546
3551
3553
3569
3590
3617
3622
3679
3690
3709
3753
3770
3810
3824
3842
3850
3852
3855
3885
3921
3933
4066
4077
4090
4096
4108
4128
4187
4197
4221
4249
4302
4309
4337
4347
4410
4449
4476
4492
4519
4541
4579
4586
4602
4617
4629
4651
4660
4665
4672
4708
4760
4789
4797
4807
4875
4880
4882
4883
4900
4904
4925
5003
5004
5005
5006
5008
5010
5011
5012
5013
5015
5016
5017
5020
5021
5022
5023
5024
5025
5026
5028
5066
5067
5068
5069
5083
5086
5091
5126
5137
5153
5159
5162
5176
5198
5204
5216
5258
5262
5275
5298
5303
5309
5310
5327
5354
5393
5400
5435
5450
5453
5455
5465
5468
5479
5529
5547
5577
5581
5583
5596
5680
5687
5689
5693
5730
5732
5737
5773
5777
5792
5853
5935
5951
5978
5980
6039
6050
6107
6121
6125
6129
6139
6151
6154
6158
6167
6225
6296
6302
6313
6319
6327
6329
6332
6343
6356
6391
6395
6428
6466
6472
6488
6509
6530
6532
6546
6549
6601
6620
6765
6799
6815
6827
6865
6901
6924
6967
6993
6995
7009
7021
1835
1915
3549
3812
4333
4651
5159
5388
7042
424
712
2400
6521
5009
1392
4954
6125
6324
3317
5465
1407
2134
2040
137
186
610
770
1034
1089
1782
1860
2519
2910
2944
3998
4073
4086
4169
4678
4703
4704
4833
4923
5056
5168
5196
5240
5285
5300
5311
5356
5413
5418
5454
5513
5544
5579
5629
5726
5888
6086
6087
6091
6117
6346
6464
6571
6755
6861
7040
193
260
276
452
492
542
706
832
1082
1174
1186
1188
1229
1255
1296
1487
1529
1867
1868
1904
2230
2355
2436
2463
2503
2550
2736
2781
2826
2827
3653
3755
3893
3927
3932
4045
4072
4073
4093
4173
4208
4491
4526
4701
4702
4735
4738
4835
4846
4852
4853
4913
4915
4920
4922
4952
5030
5037
5052
5057
5076
5097
5136
5173
5174
5222
5268
5295
5312
5338
5367
5368
5369
5468
5470
5471
5509
5528
5565
5631
5711
6049
6059
6138
6351
6443
6494
6562
6631
6650
6663
6664
6674
6897
6903
6923
6950
7010
7026
2744
5039
207
204
1327
4845
3283
453
1654
3283
5260
3683
6293
6924
1560
3083
4557
4957
5260
6212
5081
5082
2962
3963
4441
5080
5409
5836
6458
5257
890
402
1170
2987
6946
2762
38
4961
2322
6746
3553
5403
5134
2040
3547
5559
3420
5146
2645
3622
5364
6072
6653
4735
493
1615
2127
2267
3057
4277
4335
4387
4637
4895
4943
4963
5149
5501
6003
6792
6989
112
185
210
268
402
488
567
836
935
987
1262
1505
1773
2231
2801
2970
3108
3473
3555
3775
3791
4107
4552
4848
4854
4894
5943
6029
6200
6595
6746
6936
6981
76
781
805
833
996
1697
2113
2143
2719
3723
4286
4719
5163
6322
6509
6690
6968
56
84
100
102
112
162
173
180
285
361
407
549
613
668
680
725
766
825
829
832
853
905
994
1064
1123
1135
1188
1190
1218
1229
1279
1478
1486
1513
1534
1560
1665
1724
1771
1889
1904
1945
2032
2074
2234
2239
2242
2243
2244
2249
2369
2400
2401
2490
2535
2579
2669
2744
2876
3011
3153
3234
3241
3303
3320
3422
3589
3613
3642
3683
3777
3850
3874
3893
3914
3919
3927
3963
4049
4093
4096
4143
4173
4319
4449
4472
4556
4586
4587
4613
4653
4666
4671
4735
4741
4780
4853
4854
4994
5053
5153
5206
5275
5359
5456
5610
5631
5773
5816
5860
5873
5884
5913
5924
5928
5958
6084
6092
6222
6249
6323
6338
6355
6448
6493
6499
6506
6577
6597
6601
6674
6698
6730
6766
6820
6975
6976
7029
4982
1039
3125
486
590
207
26
204
206
659
3815
4024
786
4032
2206
6212
1239
1328
1385
1867
2616
3018
3265
3495
3513
3649
3652
3688
4106
4612
4817
4879
5871
6150
6214
6635
6801
162
507
668
1115
1494
1534
2199
2217
2230
2420
2503
3010
3019
3085
3355
3467
4048
4093
4107
4209
4375
4467
4468
4552
4913
5366
5368
5610
6184
6494
6618
6697
6982
6989
5213
5343
140
1319
1787
2981
3780
5377
570
2340
3560
1386
1755
2211
2263
2383
2559
2676
2918
4721
507
984
1464
1494
1867
2199
2218
2230
2545
3010
3094
3355
3452
4048
4375
4879
5554
6138
6156
6229
6494
6618
6800
6953
6982
6989
853
4442
395
5826
5
115
146
499
505
596
603
983
1133
1272
1320
1344
1345
1472
1555
1557
1705
1894
1962
2024
2031
2141
2204
2218
2233
2376
2407
2529
2565
2661
2958
2984
3200
3233
3274
3415
3746
3747
3752
3819
3861
3862
3863
3888
3976
4114
4275
4466
4751
4791
4831
4844
4991
5402
5428
5446
5773
5917
6190
6611
6636
6839
6847
7030
132
134
154
504
782
861
885
936
1100
1608
1863
1972
2366
2596
2635
2934
2998
3087
3143
3259
3576
3670
3679
3766
3857
4009
4061
4104
4298
4425
4614
4903
5169
5172
5304
5349
5399
5478
5526
5741
5870
5883
6118
6156
6217
6289
6388
6455
6530
6849
5
1031
1166
2004
3219
5425
5739
6115
1084
1989
2602
3374
3916
4006
4244
5410
4889
2239
3162
4096
4552
4854
5228
6115
3452
1919
2453
2455
2598
3436
3441
4442
4911
5233
6645
321
813
853
2366
4442
4454
5219
5476
5633
6357
6866
6960
6992
3436
4826
205
1018
2744
5172
1444
4207
4486
6795
4128
1543
299
356
1217
2648
3455
4311
4610
4705
4821
5924
7047
295
317
334
634
724
1514
2880
5897
6296
219
301
1092
1547
1637
1765
2153
2293
2310
2517
2813
2889
2976
3284
3742
3841
4106
4941
4948
5047
5152
5234
5255
5281
5282
5284
5286
5290
5291
5292
5334
5336
5352
5358
5423
5540
5550
5688
5691
5960
6162
6345
6854
6994
7005
7006
283
565
1011
1235
1236
1745
2074
2575
3132
3279
3704
3808
3848
3849
4102
4103
4106
4940
5146
5147
5200
5293
5294
5335
5614
5615
5626
6742
6969
7003
7004
4064
5234
5540
703
1104
6742
1034
1297
1547
2749
2944
3998
5056
5181
5290
5300
5454
5629
5989
6091
6331
6346
6571
7040
156
161
199
276
410
542
706
1157
1208
2205
2223
2239
2463
2519
2882
3704
3911
3927
3932
4093
4173
4208
4846
4915
4952
5190
5222
5253
5368
6070
6087
6313
6320
6355
6770
6843
6874
6903
7026
265
1782
4719
4833
4923
5168
5418
5475
5513
5544
5624
6464
6755
6861
6920
6922
452
490
921
1186
1800
1868
1922
2335
2389
2436
2969
3059
3893
4072
4491
4720
4853
4922
5030
5037
5052
5076
5090
5097
5186
5226
5470
5473
5631
5881
5888
6351
6447
6484
6494
6562
6597
6631
6663
6664
6907
1547
5558
3704
5291
5293
1534
1774
2718
6670
318
3009
129
887
3517
4281
4282
4283
4284
4287
4496
6035
6220
570
1189
5046
4152
2579
5099
6818
6886
2645
3776
5535
6753
602
686
2264
3103
4946
136
805
2920
5172
4951
5212
5343
5213
1760
3446
4700
4981
34
741
1132
1195
2079
2252
4027
5414
26
204
205
206
207
659
759
4008
4669
4933
5042
5187
5243
5320
5494
5569
5591
6623
5331
1018
5792
5334
5071
412
2022
3064
3104
4712
2535
447
1423
3456
988
1058
1862
3052
3208
3553
3978
6738
636
1168
1541
2381
2477
3172
3187
3851
4331
4486
4606
5263
5893
6138
6435
6879
4307
2058
948
1200
706
6733
4410
5430
2550
1989
5949
3368
3879
6179
4410
1426
3963
4877
5375
5419
3829
5376
420
2394
4754
5394
543
712
957
1143
1220
1291
1401
1815
1982
2458
3253
3363
3799
4365
4751
5371
5374
5377
5382
5383
5388
5389
5395
5484
5485
5486
6251
6260
751
778
786
953
1143
1685
1807
1985
1989
2209
2218
2394
3593
3822
3829
4302
5309
5390
5391
5394
5737
5889
6289
6529
6865
6125
5805
938
1137
2183
2718
2721
3425
4053
4269
4597
4982
5397
6185
6370
100
269
632
1405
1622
2645
3258
3598
3844
3898
4081
5193
6995
2679
2740
3581
5406
5408
6276
1451
6735
5423
2063
5410
5411
5412
5423
2063
741
1132
1195
2252
4008
4027
4460
5187
5591
26
204
205
206
207
659
759
4669
4933
5042
5243
5320
5494
5569
6623
5218
1179
6484
6843
643
1326
1327
1536
1559
1952
2616
2951
3135
3591
4279
4648
5058
6930
50
318
969
1834
3908
4845
5407
5750
6323
5422
5378
4133
2645
269
3550
6240
1296
5034
6509
502
1692
2098
2438
3122
3415
4114
5603
6060
6886
3094
5741
39
40
778
1467
1853
2095
2352
3267
3306
3783
3931
4667
4804
5092
5441
5442
5443
6185
6317
6676
368
493
554
630
1010
1018
1405
2090
2483
2582
2645
2744
2815
3437
3505
4666
4958
5084
5328
5344
5427
6217
6377
6408
6469
6838
6892
1467
4958
2719
5570
2040
2201
2206
4634
5195
5478
5512
5573
6597
3428
6740
616
4181
2177
4561
519
543
1273
1787
2005
2394
3799
5270
5370
5382
5387
5485
5486
2415
5371
1425
2040
2797
207
5474
2420
4468
6514
2206
4339
5195
5478
5573
904
3598
1419
5950
6217
3919
4902
5796
114
1271
1351
1352
1355
1408
2228
2712
2905
3064
3106
3541
5385
5799
21
831
1989
3716
5327
5583
6504
4849
193
813
1897
2127
3756
4879
5084
5096
5476
5773
6039
6238
6261
311
312
1208
3320
4555
5455
5712
5860
6011
6239
6744
6796
6882
6179
613
6824
1296
1312
2440
6374
1989
5412
3704
4915
3107
4693
5810
2508
3566
5172
1763
5327
1357
1378
1928
2060
2172
2414
4363
5291
5709
5967
6062
6825
525
5292
5586
299
2853
317
4981
5265
5590
27
204
206
207
659
1636
2252
2662
3742
4027
4700
6623
26
205
706
1253
1440
1560
2030
2136
2593
3279
3692
4552
4669
4756
4933
5042
5187
5243
5320
5494
5746
6039
6105
6504
3679
1296
6212
5367
2419
3355
5584
6950
5590
4123
5512
3742
2027
5614
337
507
5821
6213
6873
6989
507
1164
4831
5872
6260
1974
4983
5661
2003
4553
5495
6055
5662
5495
3898
75
652
817
1035
2314
2754
2872
3129
3421
3491
3518
4957
5038
6354
6826
7036
419
745
860
2072
2131
2295
2303
3318
3351
3419
3760
3796
3977
4256
4459
5039
6471
6530
6838
1966
1995
3083
4678
3658
5349
499
1239
1462
4596
5507
6291
6510
6690
185
287
390
402
794
829
832
905
953
1155
1235
1279
1450
1513
1662
1771
1800
1904
2030
2032
2239
2243
2247
2249
2250
2375
2400
2401
2582
3072
3874
3919
3927
4126
4173
4208
4389
4468
4616
4735
4780
4787
4854
4913
4971
5053
5206
5366
5712
5873
5962
6048
6200
6357
6806
6857
2361
2505
596
800
2345
2837
3133
3415
4525
5917
6954
132
221
223
686
1331
1777
1995
2017
2375
2596
4385
4423
4425
5507
5870
6073
6849
5703
3769
4984
3347
4913
5367
3536
890
4984
3347
4984
6270
1783
5738
1205
2037
35
3519
4273
3080
3994
4851
4852
6138
6184
1911
3310
366
5767
5768
6105
4985
3805
6903
6088
3585
1456
3330
188
2826
2827
2976
6790
832
5599
545
1437
1801
4773
5794
5795
4741
5805
43
3728
44
4032
5951
4693
312
257
1798
3752
1640
1524
6167
886
1723
3425
3605
5454
5957
56
100
170
686
2268
2360
3428
5907
4417
1260
3701
221
1021
3336
1376
1382
1384
1460
1711
4123
6726
1170
2987
3931
4446
1908
2798
5116
5737
3872
1105
1374
2697
3208
3652
4455
4532
5938
731
1251
1379
2017
3195
3391
3545
4302
4874
5123
5939
5951
6488
113
3829
4985
5770
6289
2213
3239
3738
1311
1536
1614
3310
4270
5058
6128
6211
6456
666
807
1327
1494
1662
3259
3320
4009
4061
4484
4929
5327
6886
58
229
350
1465
1983
5474
5499
674
154
504
885
3210
3663
3766
4661
6455
193
387
841
1501
1654
1780
2719
3546
4396
4476
4805
5278
5858
5875
5884
6055
6115
6300
56
287
361
668
786
1027
1029
1119
1181
1370
1389
1438
1455
1486
1563
1941
2074
2251
2535
2781
2833
3079
3347
3438
3599
3613
3698
3842
3969
4203
4475
4556
4587
4800
4841
5202
5228
5253
5312
5559
5751
5816
5877
5878
5879
5880
5881
5882
5883
5885
5886
5907
6073
6313
6597
6679
6975
1119
2833
3347
4841
3347
5816
3698
5884
6901
5884
5890
2616
5274
6503
6514
500
786
1438
2826
2827
4355
4672
6758
151
6386
1301
6351
178
3506
3934
3506
5962
3464
5583
2228
3689
487
783
3305
4745
4992
4999
5223
1989
3220
3689
4244
5040
5116
5409
5411
5412
5970
6319
6543
6617
6626
6638
6967
4986
1986
2830
3276
3430
4461
6870
686
1172
1273
4903
5741
5951
2009
4661
4509
6152
4012
6152
344
18
3454
1107
2179
3104
5208
6508
629
1807
1957
5860
503
748
1573
1629
2521
3886
3899
4855
5121
6264
6298
6832
632
3030
4173
4741
6300
6995
496
749
1428
6034
6035
2474
3378
3232
5611
1241
3949
4789
129
545
827
1398
2039
2297
2376
2620
2921
3133
3428
3493
3517
3598
4349
4429
4819
5317
5517
6944
2209
3467
4797
4848
7011
943
2491
6143
592
1534
1867
5873
5632
5456
6579
778
1509
4560
5169
2645
1939
4988
58
59
60
61
62
268
493
661
882
918
984
1077
1108
1239
1360
1361
1385
1386
1541
1636
1743
1755
1867
1869
1983
2024
2209
2211
2212
2213
2214
2215
2263
2376
2378
2383
2458
2616
2676
2767
2776
2918
3018
3297
3299
3304
3356
3452
3468
3513
3652
3688
3756
3939
4467
4533
4612
4721
4817
4864
4889
4904
5211
5231
5574
5576
5620
5621
5665
5768
5775
6086
6139
6166
6187
6189
6202
6211
6214
6229
6231
6255
6261
6278
6322
6395
6501
6695
6802
6803
6804
6805
6844
6850
6857
6989
57
162
185
350
425
507
668
673
674
829
1103
1111
1115
1464
1494
1534
1560
1562
1602
1945
2131
2136
2142
2194
2199
2207
2208
2230
2249
2420
2427
2457
2503
2519
2653
2655
2811
2941
3010
3019
3072
3085
3094
3303
3320
3355
3467
3590
3663
3971
4093
4107
4367
4375
4468
4552
4553
4816
4879
4905
4913
4921
5091
5140
5172
5217
5304
5353
5368
5380
5535
5554
5610
5766
5821
5873
6059
6063
6064
6102
6105
6138
6146
6156
6162
6174
6184
6194
6213
6225
6234
6494
6618
6658
6697
6800
6865
6882
6893
6953
6958
6982
6818
4417
4467
6322
2427
3467
4468
5380
6658
6893
998
1743
1893
2102
2347
3034
3036
3821
6011
6233
673
675
912
1494
1509
2401
3862
6204
2931
3228
1783
1722
2628
3350
3404
3647
4394
4794
5071
5180
5344
5567
304
894
1288
1752
4276
5269
6438
984
6141
6149
3638
1740
6225
48
113
162
308
1207
1336
1393
1464
1528
1704
2390
3034
3452
4583
4985
5770
5788
5852
5896
5948
6118
6148
6152
6334
72
1438
1541
2537
2559
2777
3094
4533
4903
5141
5254
5304
5986
6138
6156
6395
6442
6695
6151
1546
2777
5327
5583
129
1216
1336
1755
2218
2676
3034
3231
6147
6204
6255
56
83
673
2767
3663
4048
4375
5091
5648
6104
6138
6139
6186
6194
5636
632
3187
6995
1636
2457
5428
66
3692
113
229
1393
1465
1528
3034
4711
6061
6334
6335
1740
2201
2207
2218
2941
4375
4401
4611
4934
5195
5573
5775
6739
5608
5485
1556
1995
2724
6963
5673
6208
6213
6515
5765
2345
5507
5991
6882
392
4382
2321
5835
5371
227
1732
1733
6259
6011
491
3269
6583
3604
6272
1000
1833
2228
3365
1324
1501
6287
1374
1384
6440
1375
1379
3369
2214
993
6115
968
1004
1106
1306
1329
2253
2463
2899
3140
3312
3383
3567
3832
3950
4315
4343
6412
377
725
766
1064
1463
1681
1933
2592
3187
3610
3776
3810
4017
4376
4449
4826
5594
6994
632
6995
528
1685
1686
1687
1689
3030
6529
632
3886
3912
6298
6995
4989
6320
6321
1539
819
6345
610
6895
3125
4380
4735
6509
813
1440
1529
3295
4380
4737
4789
4992
5173
5455
5466
5756
6105
6353
6577
141
1629
1678
1723
1758
2016
2030
2217
2414
2749
2976
3114
3274
3704
3752
4155
4268
4351
4719
4730
4805
5079
5213
5278
5517
5630
5739
6240
6257
6755
6820
31
74
76
102
112
178
185
312
322
399
410
416
492
567
574
595
617
706
794
841
931
996
1103
1151
1181
1208
1229
1312
1370
1414
1440
1514
1561
1712
1771
1838
1922
2050
2091
2162
2220
2230
2231
2247
2334
2419
2572
2593
2624
2633
2648
2669
2806
2826
2827
2854
2964
3032
3103
3124
3255
3279
3288
3355
3450
3759
3902
3914
3921
3927
3961
3963
3969
4104
4126
4181
4272
4441
4468
4541
4616
4638
4665
4702
4720
4756
4913
4920
4924
4952
5018
5052
5088
5097
5149
5162
5177
5309
5361
5367
5368
5435
5466
5467
5523
5528
5552
5584
5705
5712
5757
5787
5913
5928
6105
6109
6156
6239
6246
6274
6287
6319
6398
6441
6443
6499
6506
6665
6739
6777
6857
6886
6950
6989
6991
6992
6994
6997
7026
2072
4256
6826
425
1255
6838
6736
1388
2567
3821
4171
6680
2149
2439
4544
6369
6622
5521
541
2985
4668
2459
2474
4032
4392
6807
2382
4486
2001
6390
6401
817
2704
3039
3303
3658
4068
4334
5115
5661
6235
6256
6294
6436
6767
6866
668
1563
2121
4897
5801
5951
6435
6474
6479
75
88
89
93
150
261
294
335
344
431
516
543
622
623
676
719
880
888
909
958
967
968
1045
1046
1047
1050
1051
1052
1058
1091
1097
1098
1106
1131
1370
1413
1445
1452
1502
1505
1576
1600
1664
1670
1708
1937
2000
2001
2096
2101
2122
2175
2291
2296
2305
2382
2410
2432
2435
2472
2475
2582
2699
2712
2755
2778
2792
2805
2892
2893
2899
2903
2919
2940
2952
2953
2955
3040
3056
3161
3185
3256
3312
3447
3489
3553
3624
3632
3718
3724
3727
3750
3760
3784
3853
3895
3950
4012
4032
4074
4128
4144
4174
4183
4190
4196
4218
4242
4248
4279
4341
4349
4363
4397
4399
4429
4477
4618
4641
4716
4750
4782
4959
4990
5127
5129
5264
5344
5383
5396
5403
5445
5521
5547
5761
5763
5824
5828
5925
5926
5952
5964
5997
6015
6018
6037
6094
6182
6218
6221
6235
6269
6282
6309
6383
6390
6391
6392
6393
6396
6400
6401
6403
6405
6408
6411
6413
6568
6592
6634
6660
6667
6774
6786
50
78
93
467
488
645
756
943
989
1049
1054
1467
1475
1574
1601
1675
1890
1923
2094
2244
2381
2592
2733
2815
2819
3017
3172
3365
3420
3479
3523
3578
3613
3660
3674
3743
3749
3758
3844
4256
4257
4331
4486
4500
4577
4631
4884
4971
5149
5263
5600
5815
5893
5920
5928
5993
6020
6109
6156
6158
6246
6265
6388
6394
6435
6474
6504
6918
6936
7014
5396
6405
6405
6536
6265
3682
5541
1694
5269
6418
7050
6417
6418
3119
4640
6425
7050
6423
6424
6430
6432
6434
4269
5942
2660
4123
6056
1374
1375
6338
2367
6447
2298
5510
6450
6451
6452
6453
6454
4314
5890
5891
4828
766
1684
3508
3509
3510
5654
1218
6795
3715
5398
6484
2645
6624
5951
442
3506
1277
6494
2976
3928
5567
6543
6497
1723
392
3850
5359
6650
6655
153
505
1971
3415
3581
5825
6248
6332
504
885
1496
2032
2550
3766
4956
4971
4988
4992
5268
5535
6360
6746
1510
4470
4966
4991
1529
2213
2642
4207
4929
5657
6891
1004
4695
6090
6155
6488
957
3388
1668
6298
4271
4484
6762
6515
6908
2636
2929
3539
6082
6272
2400
3125
3874
5958
6443
6538
6605
632
3699
6995
6664
1460
1711
6716
6726
6550
6552
1460
1711
6716
6719
6726
6727
6731
6733
6735
6740
6742
6743
6744
6727
6731
6735
6740
6742
6743
6744
1509
4343
4457
645
3007
5353
3760
5884
1988
4313
6448
2240
4803
617
1562
1611
1710
1724
2334
4436
4494
4735
4841
5046
5189
5366
5455
5559
5962
6287
6448
6665
3416
2266
6313
6905
1804
1806
1807
1833
1837
1845
1871
1873
1883
1900
1957
1959
1963
1967
1989
1998
2011
2035
2052
6591
6596
2228
5796
1046
3479
689
1804
1806
1807
1833
1837
1845
1871
1873
1883
1900
1957
1959
1963
1989
2004
2011
2035
2052
4760
525
1830
2228
5796
6552
6746
2595
2140
1529
1791
6727
6857
58
502
505
991
1876
1914
1919
1971
2233
2438
3415
4078
4085
5241
5496
5603
6465
6866
223
504
885
1496
2782
3311
3766
5490
1241
3289
3350
4992
6000
6626
2040
2162
4702
4735
4952
5155
5293
5567
6546
6625
6627
6628
6629
6630
6631
6638
1872
2742
4645
6147
6186
6809
298
865
1535
1494
6645
1067
326
4684
6660
6928
1671
459
3745
4054
6214
5567
392
3021
6680
6683
546
7035
1671
3083
4093
4666
1985
113
4514
318
673
675
6303
5532
6134
7034
865
1001
2316
2545
3314
4244
4611
5040
6121
6325
6555
3503
6707
5040
242
750
1402
2284
2875
3375
3539
5121
6814
427
1685
5801
5802
3976
6253
1205
6712
6720
6716
6727
6731
6733
6735
6740
6742
6744
6743
29
652
1105
1509
1951
1991
3395
3976
4966
4993
6710
91
986
1571
1684
1967
3090
4249
4299
5741
6721
6731
1096
6721
6360
4204
4346
6739
5836
6868
6733
6735
6740
6744
1571
4792
6013
6253
1902
1677
5172
3844
3668
6903
5774
6088
5740
6152
4484
766
1064
3810
6515
6217
403
4146
4679
3934
4123
4145
6838
90
652
2052
3604
6826
182
272
934
1571
1684
4249
6530
6721
1239
905
5193
1543
276
5359
5450
1163
2199
2909
3041
3534
5207
5277
6212
2525
5321
272
6721
1479
1638
4974
4987
5935
6837
221
1418
2339
2535
4302
5712
5738
6308
6602
6865
133
308
418
484
503
526
897
937
1196
1847
2009
2143
2442
2715
2848
3173
3702
4207
4210
4314
4426
4854
4898
5078
5247
5911
6463
6849
6850
696
1251
1724
1964
3080
3431
3445
3971
4194
4371
4552
4556
4661
5261
5594
5869
5873
6088
6739
6995
7041
134
686
4854
6351
6882
4735
6994
1548
346
627
1566
2227
2857
3042
3763
4139
4395
4624
7037
90
756
1744
2544
3129
3134
3844
4574
5642
5801
5802
5993
6121
6129
6302
6866
1003
2922
5801
1001
4258
5380
6063
6896
73
604
5241
6896
6913
6962
1562
4032
6152
470
1032
1142
2465
3169
3230
5100
6684
6909
6956
2643
5869
794
3057
1396
3701
2330
3908
4235
1157
1257
1296
1533
1944
2040
5207
5456
6212
4139
6948
5193
1485
1556
5185
6715
6917
361
1995
152
1241
3642
3730
4702
4735
4789
4841
4915
5155
6073
321
329
337
345
6975
6448
6746
6488
4190
6982
6992
632
1229
3135
5773
2333
3730
6477
7003
1030
1599
2740
5278
686
2074
3021
4069
4673
4735
2310
7005
2074
92
137
180
498
610
944
1535
1542
1578
1695
2324
2392
2715
2816
3734
3752
3756
4067
4086
4169
4500
4704
4725
4832
5048
5065
5135
5182
5188
5196
5218
5231
5240
5285
5306
5356
5507
5513
5612
5625
5726
6086
6117
6187
6290
6364
6455
6922
6949
7010
1
31
192
222
410
446
492
567
571
702
706
832
921
922
1011
1082
1186
1188
1224
1229
1440
1487
1529
2152
2333
2334
2367
2374
2389
2503
2550
2575
2593
2623
2826
2827
3085
3259
3283
3428
3531
3599
3617
3653
3755
3847
4045
4069
4104
4126
4297
4319
4468
4616
4701
4702
4713
4735
4738
4913
4915
4919
4952
4953
5029
5046
5052
5063
5064
5097
5136
5173
5174
5177
5186
5207
5260
5307
5359
5366
5367
5470
5509
5526
5528
5565
5599
5628
5705
5787
5805
6059
6070
6266
6304
6348
6424
6448
6499
6505
6553
6599
6624
6627
6628
6629
6631
6650
6655
6674
6811
6851
6897
6906
6907
6923
6960
727
2040
2334
5157
5597
4434
5368
0
27
131
332
943
1195
1703
1776
1895
2414
2748
2949
3082
3108
3122
3285
3775
4215
4372
4429
4805
4976
5151
5457
5559
5737
5789
5824
6276
6395
6413
6478
6701
6767
90
407
486
602
975
1020
1092
1172
1278
1513
1601
2545
2797
2847
3089
3285
3551
3699
3732
3874
3969
4093
4441
4552
4748
5084
5149
5155
5269
5390
5816
5876
5884
6115
6167
6272
6289
6374
6807
6994
1193
186
631
1033
1494
1571
1578
1720
1902
2556
2655
2682
4358
4564
4786
4792
4966
5027
5188
5576
7027
287
1082
1405
1488
2651
4319
4761
5327
5380
5583
5884
6102
6348
6497
6498
6597
6720
6731
6749
6857
7025
3679
3921
4894
5501
706
2627
2964
3103
3861
3872
5186
5307
5318
6443
1697
7037
7038
7039
14
75
271
421
631
767
1490
1500
1571
1578
1596
1713
1720
1808
1902
1912
1938
1967
2036
2072
2104
2217
2225
2303
2556
2651
2655
2682
3093
3160
3309
3468
3644
4396
4564
4566
4750
4792
4992
5037
5102
5128
5286
5380
5576
5744
5949
6066
6322
6344
6354
6448
6557
6861
6976
7018
7033
21
32
425
1082
1405
1488
1854
2427
2503
2653
2732
3090
3099
3289
3610
4249
4256
4319
4358
4459
4468
4672
4786
4797
4905
5327
5368
5583
5670
5711
6029
6102
6315
6408
6479
6497
6498
6521
6530
6597
6665
6688
6697
6720
6723
6731
6743
6749
6838
6908
5640
