0
0
1
1
2
2
2
2
2
3
3
5
5
5
5
7
7
8
8
8
9
9
9
12
13
14
14
14
15
18
18
21
21
21
21
21
23
23
23
24
25
26
26
26
26
27
27
29
29
30
30
30
30
31
31
31
32
32
34
35
35
35
36
36
36
38
38
38
39
40
40
40
42
43
43
43
43
44
44
44
44
45
47
47
48
48
48
48
48
49
50
50
50
52
52
55
56
56
56
56
56
56
56
56
56
56
56
57
57
57
57
58
58
58
58
59
59
59
59
59
60
60
60
60
61
61
61
61
62
63
63
63
63
66
66
66
68
70
71
71
71
71
72
72
73
74
74
74
74
75
75
75
75
76
76
76
76
76
76
76
76
77
77
78
78
78
78
79
79
80
80
81
81
81
81
82
83
83
83
83
83
83
84
84
86
87
87
88
88
89
89
89
89
90
90
90
90
90
90
90
91
91
91
92
93
97
99
100
100
100
100
100
100
100
100
100
102
102
102
102
104
104
105
106
107
108
112
112
112
112
112
112
112
112
113
113
113
113
113
114
114
114
115
115
116
117
117
118
118
120
120
124
124
128
129
129
129
131
131
132
132
132
132
132
133
133
133
133
133
133
134
134
134
136
136
137
137
137
140
140
141
141
141
141
143
146
148
150
150
150
151
151
151
151
151
152
152
152
152
152
153
154
154
154
154
154
154
154
154
154
155
155
155
155
155
156
156
156
156
156
158
158
159
159
161
161
162
162
162
162
162
162
162
162
162
162
162
162
163
163
165
165
166
166
167
167
167
170
170
172
173
173
173
173
175
178
178
180
180
180
180
180
180
182
182
182
182
182
183
183
184
185
185
185
185
185
185
185
185
185
185
185
185
186
186
187
187
188
191
191
192
193
193
193
193
193
193
193
195
196
197
197
197
199
199
199
199
202
202
202
202
202
202
204
204
204
204
205
205
205
205
206
206
206
206
207
207
207
207
207
207
207
210
210
210
210
210
210
210
210
214
215
215
215
216
216
216
216
218
219
219
220
221
221
221
221
221
222
222
223
223
223
223
223
223
223
223
225
227
227
227
227
227
228
228
228
228
228
229
229
229
230
230
233
233
234
234
236
236
236
238
238
239
239
240
240
240
240
241
242
244
244
245
245
245
250
250
255
255
255
255
257
257
257
257
257
260
260
261
261
263
265
265
265
268
268
268
268
269
269
269
269
269
269
269
269
269
269
270
271
271
272
272
272
272
272
273
273
275
276
276
276
276
276
276
276
277
277
277
281
281
281
281
281
283
283
284
284
285
285
285
285
285
285
285
286
287
287
287
287
287
288
288
288
289
290
291
292
293
294
294
294
294
294
294
294
295
295
295
295
296
297
297
298
298
298
298
298
298
298
298
298
299
299
300
301
301
301
301
304
307
308
308
308
309
311
311
311
311
311
311
312
312
312
312
312
312
312
312
312
314
316
316
316
316
317
317
317
318
318
318
318
318
320
320
321
321
321
321
321
321
321
322
322
322
322
322
322
322
322
323
323
324
325
325
325
326
327
327
328
328
328
328
328
329
329
329
329
329
331
332
332
332
332
332
332
332
332
333
333
333
333
334
334
335
337
337
337
337
337
337
337
337
338
338
338
338
338
340
340
340
340
341
341
341
342
342
342
343
343
344
344
344
345
345
345
345
346
346
346
346
346
346
347
349
350
350
350
350
350
352
355
355
355
355
355
355
355
355
355
356
356
356
357
357
358
360
361
361
361
361
361
362
363
363
363
366
366
366
366
367
367
367
367
367
368
368
368
368
368
368
369
372
372
372
374
376
376
376
376
376
376
377
377
377
377
379
380
380
381
383
383
384
387
387
388
388
390
390
392
392
392
392
392
392
392
393
393
393
393
393
393
393
393
394
395
398
398
398
399
399
402
402
402
402
402
402
402
403
403
404
407
407
407
407
407
407
408
409
409
409
409
410
410
410
412
413
413
414
416
416
416
417
417
417
417
418
418
419
419
419
419
419
420
421
424
424
424
425
425
425
425
425
426
427
427
427
428
430
430
430
430
431
436
439
439
439
439
440
441
441
441
441
442
442
442
442
443
444
445
445
445
446
446
447
448
449
450
450
452
452
452
453
453
453
454
454
455
455
455
455
455
456
456
458
459
459
459
459
462
463
464
464
464
465
466
466
467
467
467
467
467
468
468
470
470
471
472
472
472
472
473
473
473
473
477
479
479
479
479
479
479
481
484
484
486
486
486
486
486
486
486
486
486
487
487
487
488
488
488
488
488
488
488
488
488
488
490
490
490
491
491
491
491
492
492
492
492
492
492
492
493
493
493
493
493
493
493
493
493
493
493
493
493
496
496
498
499
499
499
499
499
500
501
502
502
502
502
503
503
503
503
503
503
504
504
504
504
504
504
504
505
505
505
505
505
505
505
506
507
507
507
507
507
507
507
507
507
509
510
511
511
511
511
513
515
516
516
516
518
519
519
524
525
525
525
525
525
525
525
526
528
528
528
530
531
531
531
531
532
536
536
538
539
540
540
540
541
542
542
543
543
543
543
543
544
545
545
545
545
545
546
546
546
546
546
546
546
546
547
548
548
548
549
549
552
552
554
554
554
554
554
557
557
560
560
562
562
562
564
564
565
567
567
567
567
567
567
567
570
570
570
570
570
570
571
571
572
573
574
574
574
575
575
577
578
579
579
579
579
579
579
583
584
585
587
588
588
589
589
589
589
589
590
590
591
591
591
591
592
592
595
595
595
595
595
595
595
596
596
601
601
601
602
602
602
602
602
602
602
602
602
603
603
603
604
605
607
607
607
607
607
610
610
610
611
613
613
613
613
614
616
616
616
616
617
617
617
617
617
618
619
619
619
619
619
619
620
620
621
621
621
621
622
623
623
627
627
627
628
628
629
630
630
631
631
631
631
632
632
632
632
632
632
632
632
632
632
632
632
633
633
634
634
634
634
634
634
635
635
636
636
636
636
636
636
636
640
643
643
644
644
644
645
645
645
645
645
645
645
646
647
651
652
652
652
652
653
653
656
656
656
657
658
658
659
659
659
659
659
659
659
660
660
660
660
661
661
662
662
662
662
663
664
664
665
665
666
666
666
666
666
666
666
667
667
667
668
668
668
668
668
668
668
668
668
670
672
672
672
672
672
673
673
673
673
673
673
673
673
674
674
675
675
675
675
675
676
676
676
676
676
677
677
677
678
680
680
680
680
680
680
680
680
681
681
681
681
681
681
681
681
686
686
686
686
686
686
688
688
689
689
689
689
692
693
693
694
694
696
696
696
696
696
696
696
696
696
696
697
699
702
702
702
703
703
703
704
706
706
706
706
706
706
706
706
706
706
706
706
708
709
709
709
709
710
710
712
712
712
712
713
713
713
713
714
715
716
716
717
719
723
724
724
724
724
724
724
725
725
725
725
725
725
726
727
727
727
727
728
731
731
731
731
731
731
731
731
733
733
733
733
733
734
734
734
738
738
739
741
741
742
742
743
743
743
743
743
745
745
745
748
748
748
749
749
750
750
751
754
756
756
756
756
756
756
756
757
758
759
759
766
766
766
766
766
766
766
767
769
770
770
778
778
778
778
778
778
778
778
778
778
778
779
779
779
781
781
781
781
781
781
781
782
782
783
783
783
783
785
785
785
786
786
786
786
786
786
786
786
786
787
787
789
792
793
794
794
794
794
794
794
794
794
795
797
797
797
798
798
800
800
801
801
801
801
801
801
801
805
805
805
805
807
807
807
809
809
810
810
811
813
813
813
813
813
813
817
817
817
817
819
819
819
819
820
822
824
824
825
825
825
825
825
825
826
826
827
827
827
827
828
829
829
829
829
829
829
831
831
831
831
831
831
832
832
832
832
832
832
832
832
833
833
833
834
834
834
835
836
836
836
836
836
836
836
837
841
841
841
841
841
841
841
841
842
845
847
848
853
853
853
853
853
854
855
858
860
860
860
860
860
860
861
861
861
861
861
861
863
863
864
864
864
865
865
865
865
865
865
866
868
868
868
868
870
871
871
871
871
872
872
873
873
876
878
880
881
882
882
882
882
883
883
885
885
885
885
885
885
886
887
887
888
888
888
888
890
890
890
890
890
891
891
891
891
891
892
894
894
895
895
897
899
900
904
904
905
905
905
905
905
905
908
908
908
908
909
909
909
909
910
912
912
912
912
912
913
913
913
914
918
918
918
918
921
921
921
922
922
922
922
922
922
922
923
923
923
923
923
931
934
934
935
935
935
935
935
936
936
936
936
937
938
938
942
943
943
943
943
943
943
943
944
946
947
947
948
949
951
951
951
951
951
951
951
951
953
953
953
953
954
955
957
957
957
957
958
958
959
961
965
967
968
968
969
969
970
971
973
975
975
975
975
975
976
976
976
976
977
979
979
982
983
983
983
983
984
984
984
984
986
986
986
986
986
987
987
987
987
988
989
991
991
992
992
992
992
992
993
993
993
993
993
993
994
994
994
995
995
995
996
996
996
996
996
997
998
998
998
999
999
999
999
1000
1000
1000
1000
1000
1000
1000
1001
1001
1001
1001
1003
1003
1004
1004
1004
1005
1007
1010
1010
1011
1011
1011
1013
1013
1013
1013
1013
1013
1013
1014
1017
1017
1017
1017
1017
1018
1018
1018
1018
1018
1018
1020
1020
1021
1022
1022
1026
1026
1027
1027
1029
1029
1029
1029
1029
1029
1029
1029
1030
1031
1031
1031
1032
1033
1034
1034
1034
1034
1035
1035
1035
1037
1037
1037
1038
1038
1038
1039
1039
1039
1039
1039
1039
1042
1042
1042
1042
1042
1043
1043
1043
1043
1044
1044
1044
1045
1045
1045
1046
1046
1046
1047
1047
1047
1047
1048
1048
1049
1050
1051
1052
1054
1055
1058
1058
1059
1064
1064
1064
1064
1064
1064
1064
1064
1064
1066
1066
1067
1067
1067
1067
1067
1068
1068
1069
1072
1072
1073
1075
1075
1077
1077
1077
1078
1080
1080
1082
1082
1082
1082
1082
1082
1082
1084
1084
1086
1086
1089
1089
1090
1090
1091
1091
1092
1092
1092
1092
1092
1092
1092
1092
1092
1092
1095
1096
1096
1096
1096
1096
1097
1097
1097
1098
1099
1100
1100
1100
1100
1102
1102
1102
1103
1103
1103
1103
1103
1104
1104
1105
1105
1105
1105
1105
1105
1106
1106
1106
1107
1107
1107
1107
1107
1108
1108
1109
1110
1111
1115
1115
1115
1115
1115
1115
1115
1115
1117
1117
1117
1119
1119
1119
1119
1119
1123
1123
1124
1124
1126
1126
1129
1131
1131
1132
1132
1132
1133
1133
1133
1133
1133
1133
1133
1135
1135
1137
1137
1141
1141
1142
1142
1143
1143
1145
1145
1146
1146
1147
1148
1148
1148
1149
1151
1152
1153
1153
1154
1154
1154
1154
1154
1154
1155
1155
1155
1155
1156
1156
1157
1157
1157
1158
1158
1161
1162
1162
1162
1163
1163
1164
1166
1166
1166
1168
1169
1170
1170
1172
1172
1172
1172
1172
1172
1172
1172
1172
1173
1173
1173
1173
1173
1173
1173
1174
1175
1175
1176
1176
1179
1181
1181
1181
1182
1182
1184
1185
1186
1186
1186
1186
1186
1186
1188
1188
1188
1188
1188
1189
1189
1189
1189
1189
1190
1190
1191
1192
1192
1192
1193
1193
1195
1195
1195
1195
1195
1195
1195
1196
1196
1198
1198
1198
1200
1200
1202
1203
1205
1205
1205
1205
1207
1207
1207
1208
1208
1208
1208
1209
1210
1210
1211
1212
1213
1213
1213
1214
1214
1215
1216
1216
1216
1217
1217
1217
1217
1218
1218
1218
1218
1218
1219
1220
1220
1220
1220
1221
1221
1221
1222
1222
1224
1224
1225
1225
1228
1229
1229
1229
1229
1231
1231
1235
1235
1235
1235
1235
1235
1235
1235
1235
1235
1235
1236
1236
1236
1237
1238
1238
1238
1238
1238
1238
1239
1239
1239
1239
1239
1239
1239
1239
1239
1240
1241
1241
1241
1242
1244
1246
1246
1247
1249
1250
1251
1251
1251
1251
1251
1253
1253
1253
1254
1255
1255
1255
1255
1255
1255
1255
1257
1257
1258
1258
1260
1260
1262
1262
1265
1269
1270
1271
1271
1271
1272
1272
1272
1273
1273
1273
1273
1273
1273
1273
1273
1273
1277
1278
1279
1279
1279
1279
1279
1279
1280
1280
1280
1280
1280
1281
1281
1285
1286
1286
1286
1286
1288
1288
1288
1289
1290
1291
1292
1293
1295
1295
1296
1296
1296
1296
1296
1296
1296
1296
1297
1300
1301
1301
1301
1304
1306
1307
1307
1309
1309
1309
1311
1312
1312
1313
1313
1313
1315
1317
1319
1319
1319
1319
1319
1320
1320
1320
1324
1324
1324
1325
1325
1326
1326
1326
1327
1327
1327
1327
1327
1327
1328
1328
1328
1329
1331
1331
1331
1332
1332
1332
1333
1333
1334
1334
1336
1336
1336
1338
1338
1343
1344
1344
1345
1345
1345
1349
1349
1349
1350
1351
1352
1354
1354
1355
1357
1359
1359
1359
1359
1359
1359
1359
1360
1361
1361
1362
1363
1368
1369
1369
1370
1370
1370
1370
1370
1370
1370
1373
1374
1374
1374
1375
1375
1375
1375
1375
1375
1375
1375
1375
1375
1376
1376
1376
1376
1376
1377
1378
1379
1379
1379
1379
1380
1380
1381
1381
1381
1382
1383
1383
1384
1384
1384
1385
1385
1386
1386
1386
1386
1387
1387
1387
1387
1388
1388
1388
1389
1389
1389
1389
1391
1392
1392
1393
1393
1396
1396
1396
1396
1396
1397
1398
1398
1398
1399
1400
1400
1401
1401
1401
1401
1401
1402
1402
1402
1403
1404
1404
1404
1405
1405
1405
1405
1407
1407
1407
1408
1408
1408
1410
1410
1411
1411
1411
1411
1412
1412
1413
1413
1413
1414
1418
1418
1418
1418
1419
1419
1419
1419
1419
1419
1420
1420
1421
1421
1421
1423
1423
1424
1424
1425
1425
1426
1426
1426
1426
1427
1427
1428
1428
1429
1429
1429
1431
1431
1432
1432
1432
1432
1433
1433
1433
1434
1436
1437
1437
1438
1438
1438
1438
1438
1438
1438
1438
1438
1438
1438
1440
1440
1440
1440
1440
1440
1440
1440
1440
1440
1442
1442
1442
1442
1442
1442
1443
1443
1444
1444
1444
1444
1444
1445
1445
1445
1446
1447
1450
1450
1450
1450
1450
1450
1451
1451
1451
1452
1452
1455
1455
1456
1456
1456
1456
1456
1456
1456
1456
1459
1460
1460
1460
1462
1462
1462
1463
1463
1463
1463
1463
1464
1464
1464
1464
1464
1465
1465
1465
1465
1467
1467
1467
1467
1467
1467
1468
1468
1469
1469
1469
1470
1470
1472
1472
1472
1472
1472
1472
1472
1475
1475
1475
1475
1475
1477
1478
1478
1478
1478
1478
1478
1478
1479
1479
1479
1479
1479
1482
1484
1485
1486
1486
1486
1486
1486
1487
1487
1488
1488
1488
1490
1492
1494
1494
1494
1494
1494
1494
1494
1494
1494
1494
1494
1494
1496
1496
1498
1500
1500
1500
1501
1501
1501
1501
1502
1503
1503
1504
1504
1504
1505
1505
1505
1505
1505
1506
1507
1508
1509
1509
1509
1509
1509
1509
1509
1509
1509
1509
1509
1509
1510
1510
1511
1511
1511
1511
1511
1512
1512
1513
1513
1513
1513
1513
1513
1513
1514
1514
1514
1514
1514
1514
1514
1516
1516
1517
1520
1524
1524
1524
1524
1524
1525
1527
1528
1528
1529
1529
1529
1529
1529
1529
1529
1529
1529
1530
1531
1533
1533
1533
1533
1533
1533
1533
1533
1534
1534
1534
1534
1534
1534
1534
1534
1535
1535
1535
1535
1536
1536
1536
1536
1539
1539
1540
1541
1541
1541
1541
1541
1541
1541
1541
1541
1541
1541
1541
1541
1541
1541
1542
1543
1543
1545
1546
1547
1547
1547
1548
1548
1548
1548
1549
1550
1550
1551
1551
1552
1552
1553
1553
1555
1555
1555
1555
1556
1556
1557
1557
1557
1557
1559
1559
1560
1560
1560
1560
1560
1561
1561
1561
1561
1561
1561
1561
1562
1562
1562
1562
1562
1562
1562
1562
1563
1563
1563
1563
1563
1563
1563
1563
1564
1564
1564
1564
1566
1570
1571
1571
1571
1571
1571
1571
1571
1571
1572
1572
1572
1573
1574
1574
1574
1574
1575
1575
1575
1576
1577
1577
1578
1578
1578
1578
1582
1582
1583
1583
1583
1584
1585
1585
1585
1587
1587
1587
1588
1590
1594
1595
1596
1597
1598
1598
1599
1599
1599
1599
1600
1601
1601
1601
1601
1601
1601
1601
1602
1602
1602
1602
1602
1603
1603
1603
1603
1604
1604
1605
1605
1605
1606
1607
1607
1608
1608
1608
1608
1608
1608
1611
1611
1611
1611
1611
1611
1612
1612
1613
1613
1614
1614
1614
1615
1617
1617
1617
1618
1619
1622
1624
1627
1629
1629
1629
1629
1629
1631
1632
1634
1635
1635
1635
1636
1636
1636
1636
1636
1636
1636
1636
1637
1637
1637
1638
1638
1638
1639
1639
1639
1640
1640
1640
1640
1642
1642
1642
1642
1642
1642
1642
1643
1644
1645
1645
1646
1647
1647
1649
1654
1654
1655
1657
1658
1659
1659
1662
1662
1662
1662
1664
1664
1664
1664
1665
1665
1665
1667
1668
1668
1668
1668
1670
1671
1671
1672
1672
1675
1675
1675
1675
1675
1676
1677
1677
1678
1678
1679
1681
1682
1682
1682
1683
1684
1684
1684
1684
1684
1685
1685
1685
1685
1685
1685
1685
1686
1686
1686
1687
1687
1687
1689
1689
1689
1690
1690
1690
1691
1691
1692
1694
1694
1695
1695
1695
1697
1697
1697
1697
1697
1697
1698
1698
1699
1699
1699
1703
1703
1704
1705
1705
1705
1705
1706
1707
1707
1708
1708
1710
1710
1711
1711
1711
1711
1712
1713
1718
1720
1720
1720
1722
1722
1722
1723
1723
1723
1723
1723
1724
1724
1724
1724
1724
1724
1724
1724
1724
1724
1724
1725
1727
1728
1730
1732
1732
1733
1737
1737
1740
1740
1742
1743
1743
1743
1744
1744
1745
1745
1745
1745
1745
1745
1745
1748
1748
1749
1749
1751
1752
1752
1753
1754
1754
1755
1755
1755
1755
1756
1758
1758
1759
1759
1760
1763
1763
1765
1766
1767
1767
1767
1768
1768
1771
1771
1771
1771
1771
1771
1773
1773
1773
1773
1773
1773
1774
1774
1775
1775
1776
1776
1777
1777
1777
1777
1777
1777
1777
1777
1778
1778
1779
1780
1780
1782
1782
1783
1783
1783
1783
1783
1783
1783
1786
1787
1791
1792
1792
1793
1793
1794
1795
1796
1798
1798
1798
1800
1800
1800
1800
1800
1800
1800
1800
1801
1801
1801
1801
1801
1801
1802
1804
1804
1804
1806
1806
1806
1806
1807
1807
1807
1807
1807
1807
1807
1807
1807
1807
1808
1809
1810
1810
1810
1810
1812
1813
1814
1814
1814
1814
1815
1815
1816
1816
1819
1819
1820
1822
1824
1824
1824
1825
1826
1826
1829
1829
1830
1830
1832
1832
1832
1833
1833
1833
1833
1833
1834
1834
1834
1835
1835
1837
1837
1837
1838
1838
1839
1839
1840
1840
1840
1841
1841
1841
1843
1844
1845
1845
1845
1845
1847
1847
1847
1847
1848
1850
1850
1851
1851
1851
1851
1852
1853
1853
1853
1853
1854
1854
1854
1854
1854
1855
1855
1855
1857
1858
1858
1858
1860
1860
1862
1862
1863
1863
1863
1864
1864
1864
1864
1865
1867
1867
1867
1867
1867
1867
1867
1867
1867
1868
1868
1869
1869
1869
1869
1869
1871
1871
1871
1871
1872
1872
1872
1872
1873
1873
1873
1873
1873
1874
1875
1875
1875
1876
1876
1883
1883
1883
1884
1884
1885
1885
1889
1889
1889
1889
1889
1890
1890
1890
1890
1890
1892
1892
1893
1893
1894
1894
1895
1895
1897
1897
1897
1900
1900
1902
1902
1902
1902
1904
1904
1904
1904
1905
1907
1907
1907
1908
1908
1911
1911
1912
1913
1913
1914
1915
1915
1916
1916
1916
1918
1918
1918
1918
1919
1919
1919
1919
1919
1920
1920
1920
1920
1921
1922
1922
1922
1923
1925
1928
1929
1929
1930
1930
1930
1930
1932
1932
1933
1933
1933
1933
1933
1933
1933
1933
1933
1934
1934
1934
1935
1937
1937
1937
1937
1938
1938
1939
1939
1939
1939
1940
1941
1944
1944
1944
1944
1945
1945
1945
1946
1948
1950
1951
1951
1952
1952
1952
1952
1952
1957
1957
1957
1957
1957
1957
1959
1959
1959
1959
1962
1963
1963
1963
1964
1965
1965
1966
1966
1966
1967
1967
1967
1967
1967
1967
1967
1968
1970
1970
1971
1971
1972
1972
1972
1972
1972
1974
1974
1974
1979
1981
1982
1983
1983
1983
1985
1985
1985
1985
1985
1985
1985
1985
1985
1985
1985
1986
1988
1989
1989
1989
1989
1989
1989
1989
1989
1989
1989
1989
1989
1989
1989
1991
1991
1991
1991
1991
1994
1994
1995
1995
1995
1995
1995
1996
1998
1998
1998
1998
2000
2000
2000
2001
2001
2001
2001
2002
2002
2002
2003
2004
2004
2004
2005
2005
2007
2007
2007
2007
2009
2009
2009
2010
2010
2011
2011
2011
2011
2011
2011
2011
2014
2014
2014
2014
2015
2015
2015
2015
2015
2015
2016
2016
2016
2016
2016
2017
2017
2017
2017
2017
2018
2022
2022
2023
2023
2023
2023
2023
2024
2024
2024
2024
2026
2026
2026
2027
2027
2027
2027
2029
2029
2030
2030
2030
2030
2030
2031
2031
2032
2032
2032
2032
2032
2032
2032
2032
2033
2033
2035
2035
2035
2036
2037
2037
2037
2037
2037
2037
2037
2039
2039
2040
2040
2040
2040
2040
2040
2040
2040
2040
2040
2040
2040
2040
2042
2043
2043
2044
2044
2045
2049
2049
2049
2050
2050
2050
2050
2050
2050
2051
2052
2052
2052
2052
2053
2053
2053
2054
2055
2056
2057
2057
2058
2058
2058
2058
2060
2060
2061
2061
2063
2063
2063
2066
2066
2066
2069
2069
2071
2072
2072
2072
2072
2073
2073
2074
2074
2074
2074
2074
2074
2075
2075
2077
2077
2078
2079
2079
2083
2083
2084
2087
2088
2089
2090
2090
2090
2090
2090
2090
2090
2090
2090
2090
2091
2091
2091
2091
2092
2092
2092
2092
2092
2093
2094
2094
2094
2094
2094
2095
2095
2095
2095
2095
2096
2096
2096
2098
2098
2098
2099
2100
2100
2100
2101
2101
2102
2102
2102
2102
2103
2103
2104
2104
2104
2105
2105
2107
2107
2107
2108
2108
2109
2113
2113
2115
2115
2116
2118
2118
2120
2121
2121
2121
2121
2121
2122
2122
2123
2127
2127
2127
2127
2129
2130
2131
2131
2131
2131
2131
2131
2131
2131
2134
2134
2136
2136
2136
2137
2139
2140
2140
2141
2141
2141
2141
2141
2141
2141
2141
2142
2142
2142
2142
2143
2143
2143
2143
2143
2145
2147
2147
2147
2147
2149
2149
2149
2149
2149
2149
2151
2151
2151
2151
2152
2152
2152
2152
2153
2154
2154
2157
2157
2159
2159
2159
2159
2161
2161
2161
2162
2162
2162
2162
2162
2164
2165
2165
2167
2168
2168
2170
2170
2170
2172
2172
2173
2174
2175
2175
2175
2176
2176
2176
2176
2176
2177
2178
2178
2178
2179
2179
2180
2181
2181
2181
2182
2182
2182
2182
2182
2182
2182
2182
2183
2185
2186
2186
2186
2187
2187
2187
2187
2188
2192
2193
2193
2194
2194
2195
2196
2197
2197
2198
2199
2199
2199
2199
2199
2199
2199
2199
2200
2200
2201
2201
2201
2203
2204
2204
2204
2204
2204
2205
2206
2206
2206
2206
2206
2207
2207
2207
2207
2208
2208
2209
2209
2209
2209
2209
2209
2209
2209
2211
2211
2211
2211
2211
2212
2213
2213
2213
2213
2213
2213
2213
2213
2213
2213
2213
2214
2214
2214
2214
2214
2214
2214
2214
2215
2215
2215
2215
2215
2217
2217
2217
2217
2218
2218
2218
2218
2218
2218
2218
2219
2220
2220
2220
2221
2221
2223
2223
2224
2225
2226
2226
2227
2228
2228
2228
2228
2228
2228
2228
2230
2230
2230
2230
2230
2230
2230
2230
2230
2230
2230
2231
2231
2231
2231
2231
2232
2232
2233
2233
2234
2234
2234
2234
2235
2238
2239
2239
2239
2239
2239
2239
2239
2239
2239
2239
2239
2239
2240
2240
2240
2240
2241
2241
2241
2242
2242
2242
2243
2243
2243
2243
2243
2243
2243
2244
2244
2244
2244
2245
2246
2246
2246
2247
2247
2247
2247
2247
2248
2249
2249
2249
2249
2249
2249
2249
2249
2249
2250
2250
2250
2250
2251
2251
2251
2251
2251
2251
2251
2252
2252
2252
2252
2252
2253
2254
2254
2256
2260
2260
2263
2263
2263
2263
2263
2264
2264
2264
2264
2264
2264
2264
2266
2266
2266
2266
2266
2267
2267
2268
2268
2268
2269
2272
2274
2276
2280
2282
2284
2284
2284
2285
2285
2287
2289
2289
2290
2291
2292
2292
2293
2294
2294
2294
2295
2295
2295
2295
2296
2296
2297
2298
2302
2303
2303
2305
2306
2306
2307
2307
2307
2307
2307
2309
2310
2310
2310
2310
2310
2310
2310
2310
2311
2312
2313
2313
2313
2313
2313
2313
2313
2313
2314
2315
2315
2316
2316
2316
2316
2316
2316
2317
2317
2320
2320
2321
2321
2321
2321
2322
2322
2322
2322
2322
2324
2325
2327
2328
2328
2330
2330
2331
2331
2332
2332
2332
2333
2333
2334
2334
2334
2335
2336
2336
2337
2337
2337
2337
2337
2339
2339
2339
2339
2339
2340
2340
2340
2340
2340
2340
2340
2340
2340
2342
2342
2342
2342
2345
2345
2347
2347
2347
2347
2348
2348
2350
2351
2351
2351
2351
2352
2353
2353
2353
2353
2355
2355
2357
2357
2359
2359
2359
2360
2360
2361
2361
2363
2364
2364
2366
2366
2366
2366
2366
2366
2366
2366
2367
2367
2367
2368
2369
2369
2369
2369
2369
2370
2373
2373
2373
2373
2373
2374
2375
2375
2375
2375
2376
2376
2376
2376
2377
2378
2378
2379
2379
2379
2380
2381
2381
2381
2381
2381
2381
2381
2381
2382
2382
2382
2383
2383
2385
2385
2386
2389
2389
2390
2391
2391
2391
2392
2394
2394
2394
2394
2394
2394
2396
2396
2396
2396
2396
2397
2400
2400
2400
2401
2401
2401
2401
2403
2403
2403
2406
2407
2407
2407
2408
2410
2412
2413
2413
2414
2414
2414
2414
2414
2415
2415
2415
2415
2417
2417
2417
2418
2418
2418
2418
2419
2419
2419
2420
2420
2420
2420
2420
2420
2420
2420
2420
2421
2421
2421
2421
2421
2423
2426
2427
2427
2427
2427
2427
2428
2432
2434
2434
2434
2435
2436
2436
2438
2438
2439
2439
2439
2440
2440
2440
2440
2442
2442
2443
2444
2445
2445
2445
2447
2447
2447
2449
2449
2452
2453
2453
2453
2454
2454
2454
2455
2455
2455
2456
2456
2457
2457
2457
2457
2457
2457
2458
2458
2458
2459
2460
2460
2462
2462
2462
2463
2463
2463
2464
2465
2466
2466
2467
2472
2474
2474
2474
2474
2474
2474
2475
2475
2477
2478
2479
2479
2480
2482
2482
2483
2488
2489
2490
2491
2491
2491
2491
2492
2493
2493
2493
2495
2495
2496
2496
2496
2500
2501
2502
2503
2503
2503
2503
2503
2503
2505
2505
2505
2505
2506
2506
2506
2506
2507
2507
2508
2509
2509
2509
2509
2509
2513
2517
2518
2519
2519
2519
2519
2520
2520
2521
2521
2521
2521
2522
2523
2524
2524
2525
2526
2529
2529
2529
2530
2530
2530
2530
2531
2531
2531
2532
2532
2533
2535
2535
2535
2535
2535
2535
2535
2535
2535
2535
2535
2535
2535
2537
2537
2537
2544
2544
2544
2544
2544
2544
2545
2545
2545
2545
2545
2545
2545
2545
2548
2548
2550
2550
2550
2550
2550
2551
2553
2554
2555
2555
2555
2555
2555
2555
2556
2556
2559
2559
2559
2559
2559
2559
2564
2565
2566
2566
2566
2567
2567
2567
2567
2567
2569
2569
2569
2569
2572
2572
2572
2574
2575
2575
2576
2576
2576
2576
2579
2579
2579
2579
2579
2579
2579
2580
2580
2582
2582
2582
2582
2582
2582
2582
2582
2582
2582
2582
2582
2582
2582
2586
2586
2586
2588
2588
2589
2591
2592
2592
2593
2593
2593
2595
2596
2596
2596
2598
2598
2598
2601
2602
2603
2604
2604
2606
2606
2606
2606
2606
2607
2607
2608
2608
2611
2611
2616
2616
2616
2616
2616
2617
2619
2620
2620
2621
2621
2621
2621
2622
2623
2623
2624
2624
2624
2625
2626
2627
2627
2627
2628
2628
2628
2629
2629
2629
2630
2630
2632
2633
2633
2633
2633
2633
2633
2634
2634
2634
2634
2635
2635
2635
2636
2638
2638
2642
2642
2643
2643
2645
2645
2645
2645
2645
2645
2645
2645
2645
2645
2645
2645
2645
2645
2645
2645
2645
2645
2645
2645
2645
2646
2647
2648
2648
2648
2648
2648
2648
2648
2648
2648
2649
2651
2651
2651
2652
2652
2653
2653
2653
2653
2653
2655
2655
2655
2655
2655
2655
2657
2657
2657
2657
2659
2659
2659
2660
2660
2660
2661
2661
2661
2661
2661
2661
2662
2662
2664
2664
2664
2665
2665
2665
2666
2666
2668
2668
2669
2669
2669
2670
2670
2671
2671
2671
2671
2671
2675
2676
2676
2676
2676
2676
2678
2678
2678
2679
2679
2679
2679
2682
2682
2683
2683
2684
2684
2690
2691
2691
2694
2694
2695
2695
2696
2697
2698
2699
2699
2700
2701
2701
2702
2702
2702
2702
2703
2703
2703
2703
2703
2704
2704
2705
2705
2706
2706
2710
2710
2710
2710
2710
2711
2712
2712
2712
2715
2715
2717
2718
2718
2718
2718
2719
2719
2719
2719
2721
2721
2721
2722
2722
2724
2724
2725
2725
2726
2727
2727
2727
2727
2729
2731
2732
2732
2732
2732
2733
2733
2733
2733
2733
2734
2734
2734
2736
2736
2736
2736
2737
2738
2740
2740
2740
2740
2740
2740
2741
2741
2742
2742
2744
2744
2744
2744
2744
2744
2744
2744
2744
2744
2746
2747
2747
2748
2749
2749
2749
2749
2750
2752
2754
2755
2756
2756
2756
2758
2758
2758
2759
2760
2761
2762
2762
2766
2767
2767
2767
2770
2770
2771
2771
2771
2776
2776
2776
2776
2776
2776
2777
2777
2777
2777
2777
2778
2780
2781
2781
2781
2781
2781
2782
2782
2783
2784
2784
2785
2785
2785
2786
2786
2786
2788
2788
2789
2789
2790
2790
2792
2792
2792
2795
2797
2797
2797
2797
2798
2798
2798
2800
2800
2800
2801
2801
2801
2801
2801
2801
2802
2802
2803
2804
2805
2805
2806
2806
2810
2811
2811
2811
2813
2813
2814
2814
2814
2815
2815
2815
2815
2815
2815
2816
2816
2816
2818
2819
2819
2819
2819
2820
2820
2820
2820
2823
2824
2826
2826
2826
2826
2826
2826
2826
2827
2827
2827
2827
2827
2827
2828
2829
2830
2830
2831
2831
2833
2833
2833
2833
2833
2834
2837
2838
2838
2838
2840
2840
2840
2840
2842
2844
2845
2845
2847
2847
2847
2848
2848
2850
2850
2851
2852
2852
2853
2853
2853
2854
2855
2857
2857
2857
2857
2857
2857
2857
2859
2859
2860
2860
2861
2862
2864
2865
2867
2867
2867
2869
2870
2870
2870
2871
2872
2872
2872
2873
2875
2875
2876
2876
2876
2877
2878
2879
2880
2880
2880
2881
2881
2881
2881
2882
2882
2883
2885
2885
2885
2885
2887
2887
2888
2889
2889
2890
2890
2892
2892
2892
2893
2893
2893
2899
2899
2899
2899
2899
2899
2899
2903
2903
2903
2905
2905
2906
2909
2910
2910
2915
2916
2916
2916
2918
2918
2918
2918
2919
2919
2919
2920
2920
2920
2921
2921
2921
2922
2922
2922
2922
2923
2923
2923
2925
2926
2927
2927
2928
2928
2928
2929
2929
2929
2929
2930
2930
2930
2930
2931
2931
2931
2931
2931
2934
2934
2934
2937
2939
2940
2941
2941
2941
2941
2941
2941
2943
2943
2944
2944
2945
2946
2947
2947
2948
2948
2949
2949
2949
2950
2951
2951
2951
2952
2953
2955
2955
2956
2956
2956
2956
2956
2957
2957
2958
2958
2958
2958
2958
2962
2962
2962
2963
2964
2964
2964
2964
2964
2964
2964
2965
2965
2967
2969
2969
2970
2970
2970
2970
2970
2970
2971
2971
2971
2973
2974
2974
2976
2976
2976
2976
2976
2978
2979
2981
2981
2981
2981
2983
2984
2984
2984
2984
2984
2985
2987
2987
2987
2991
2991
2993
2994
2995
2997
2998
2998
2998
2998
3001
3001
3004
3004
3006
3007
3009
3009
3010
3010
3010
3010
3010
3010
3011
3011
3014
3015
3015
3015
3016
3017
3018
3018
3018
3018
3019
3019
3021
3021
3021
3024
3024
3026
3026
3026
3028
3028
3030
3030
3030
3030
3030
3030
3030
3031
3032
3032
3034
3034
3034
3034
3035
3035
3036
3036
3037
3038
3038
3038
3038
3039
3039
3039
3039
3040
3040
3040
3041
3041
3041
3042
3042
3042
3042
3046
3047
3047
3047
3047
3048
3049
3050
3052
3052
3052
3052
3053
3053
3053
3054
3056
3057
3057
3059
3059
3060
3061
3062
3063
3063
3064
3064
3065
3065
3066
3066
3072
3072
3072
3072
3072
3072
3072
3072
3072
3072
3073
3073
3074
3074
3075
3075
3078
3079
3079
3079
3080
3080
3080
3080
3080
3080
3082
3082
3082
3082
3083
3083
3083
3083
3083
3083
3083
3084
3085
3085
3085
3085
3085
3085
3085
3085
3087
3087
3087
3089
3089
3089
3090
3090
3090
3090
3090
3090
3090
3091
3091
3091
3091
3092
3092
3093
3094
3094
3094
3094
3094
3094
3094
3094
3094
3094
3094
3099
3099
3099
3099
3099
3099
3099
3100
3101
3101
3102
3103
3103
3103
3103
3104
3104
3104
3104
3104
3104
3105
3106
3106
3106
3106
3106
3107
3107
3107
3107
3107
3108
3108
3108
3108
3108
3108
3109
3109
3111
3111
3111
3114
3115
3115
3115
3116
3116
3117
3117
3117
3119
3121
3122
3122
3124
3124
3124
3124
3124
3125
3125
3125
3125
3125
3125
3125
3126
3126
3129
3129
3129
3129
3129
3129
3129
3129
3129
3132
3132
3132
3132
3132
3133
3133
3133
3134
3134
3134
3134
3135
3135
3135
3137
3138
3138
3138
3138
3138
3138
3139
3140
3140
3140
3142
3142
3142
3142
3143
3143
3143
3143
3143
3143
3144
3144
3144
3144
3144
3144
3145
3146
3146
3149
3149
3151
3151
3151
3152
3152
3153
3153
3153
3153
3153
3153
3153
3158
3159
3159
3159
3159
3159
3159
3160
3161
3161
3162
3162
3162
3162
3162
3163
3164
3164
3164
3164
3167
3167
3168
3169
3169
3172
3172
3173
3173
3173
3173
3175
3176
3176
3178
3179
3179
3180
3180
3180
3183
3183
3183
3183
3184
3185
3186
3186
3187
3187
3187
3187
3187
3187
3187
3192
3192
3195
3199
3200
3200
3200
3200
3202
3202
3202
3203
3203
3203
3204
3205
3206
3207
3207
3207
3207
3207
3208
3208
3208
3208
3208
3208
3208
3208
3210
3210
3210
3210
3210
3213
3213
3213
3217
3217
3218
3219
3219
3220
3225
3226
3228
3228
3229
3230
3231
3231
3231
3231
3231
3232
3233
3233
3234
3234
3234
3234
3234
3234
3235
3235
3235
3235
3235
3237
3239
3239
3241
3241
3242
3242
3242
3242
3242
3242
3243
3243
3244
3246
3247
3247
3247
3248
3248
3248
3249
3253
3253
3254
3255
3255
3255
3256
3256
3257
3258
3258
3258
3258
3259
3259
3259
3259
3259
3259
3259
3259
3259
3259
3259
3261
3261
3261
3261
3261
3262
3262
3264
3264
3264
3265
3265
3265
3265
3267
3267
3269
3269
3269
3269
3271
3271
3271
3272
3274
3274
3274
3274
3275
3276
3276
3276
3279
3279
3279
3283
3283
3283
3283
3283
3283
3283
3284
3285
3285
3285
3286
3288
3288
3289
3289
3289
3289
3289
3289
3289
3289
3293
3294
3295
3295
3296
3297
3297
3297
3298
3299
3299
3301
3303
3303
3303
3303
3303
3303
3303
3303
3303
3304
3304
3304
3305
3306
3306
3307
3308
3308
3309
3309
3309
3310
3310
3311
3312
3312
3313
3314
3314
3314
3314
3314
3314
3314
3314
3314
3314
3316
3317
3317
3317
3317
3318
3318
3318
3320
3320
3320
3320
3320
3320
3320
3320
3320
3320
3320
3320
3322
3322
3322
3326
3326
3326
3326
3327
3329
3330
3330
3330
3331
3331
3331
3332
3333
3334
3334
3336
3336
3336
3336
3336
3336
3339
3339
3340
3343
3344
3344
3344
3344
3344
3347
3347
3347
3347
3347
3347
3347
3347
3347
3347
3347
3348
3348
3348
3348
3348
3349
3350
3350
3350
3351
3351
3352
3353
3354
3354
3355
3355
3355
3355
3355
3355
3356
3357
3357
3357
3360
3363
3363
3364
3365
3365
3365
3365
3365
3365
3366
3367
3368
3369
3373
3374
3374
3374
3375
3375
3377
3378
3378
3379
3381
3382
3383
3383
3384
3387
3388
3388
3388
3388
3388
3389
3389
3390
3390
3391
3391
3391
3391
3392
3392
3392
3393
3393
3395
3395
3397
3397
3398
3399
3399
3400
3400
3400
3403
3403
3404
3404
3404
3404
3404
3404
3406
3410
3411
3411
3412
3413
3414
3414
3414
3415
3415
3415
3415
3415
3415
3415
3415
3416
3416
3416
3417
3417
3418
3418
3419
3419
3419
3419
3420
3420
3420
3420
3420
3420
3420
3421
3421
3421
3421
3421
3421
3421
3422
3422
3422
3425
3425
3425
3425
3425
3427
3428
3428
3428
3428
3428
3428
3429
3429
3429
3430
3430
3431
3431
3431
3431
3432
3432
3433
3434
3436
3436
3436
3437
3437
3437
3437
3438
3438
3438
3438
3438
3438
3438
3438
3439
3439
3439
3439
3439
3441
3441
3443
3443
3443
3443
3443
3444
3444
3445
3445
3445
3446
3446
3447
3447
3448
3448
3448
3448
3449
3450
3451
3451
3451
3451
3451
3451
3451
3451
3451
3452
3452
3452
3452
3452
3452
3452
3452
3452
3454
3455
3455
3455
3455
3455
3456
3456
3456
3456
3456
3458
3459
3459
3459
3459
3459
3459
3460
3460
3460
3462
3462
3462
3463
3464
3466
3466
3466
3467
3467
3467
3467
3467
3467
3467
3468
3468
3468
3468
3469
3469
3470
3470
3471
3472
3473
3473
3474
3477
3477
3477
3478
3478
3479
3479
3479
3479
3479
3480
3480
3480
3480
3480
3481
3481
3481
3482
3484
3484
3487
3487
3487
3487
3487
3489
3490
3490
3490
3491
3491
3491
3491
3492
3492
3493
3493
3494
3494
3494
3494
3495
3497
3497
3498
3498
3498
3499
3501
3502
3502
3503
3503
3503
3503
3504
3504
3505
3505
3505
3505
3505
3505
3506
3506
3506
3506
3506
3506
3506
3506
3506
3506
3506
3506
3506
3506
3506
3506
3506
3507
3508
3508
3508
3508
3509
3509
3509
3509
3509
3509
3510
3510
3510
3511
3512
3512
3513
3513
3513
3513
3513
3514
3515
3516
3517
3517
3517
3518
3518
3518
3518
3518
3518
3519
3519
3521
3522
3522
3522
3523
3523
3523
3524
3524
3531
3531
3534
3536
3536
3537
3538
3538
3539
3539
3541
3541
3541
3542
3542
3545
3545
3545
3545
3545
3545
3546
3546
3546
3546
3546
3547
3547
3547
3549
3549
3549
3549
3550
3550
3551
3551
3551
3551
3553
3553
3553
3553
3553
3553
3554
3554
3554
3555
3555
3555
3555
3555
3556
3558
3560
3560
3560
3560
3560
3560
3561
3562
3562
3565
3565
3565
3565
3565
3566
3567
3569
3569
3570
3572
3572
3572
3573
3573
3573
3573
3573
3573
3573
3574
3574
3574
3574
3574
3574
3575
3576
3576
3576
3576
3576
3576
3576
3578
3578
3581
3581
3581
3582
3583
3585
3585
3585
3589
3589
3589
3590
3590
3590
3591
3591
3591
3591
3591
3593
3593
3596
3596
3596
3598
3598
3598
3598
3598
3598
3598
3599
3599
3599
3600
3601
3601
3601
3601
3601
3601
3604
3604
3604
3604
3605
3609
3610
3610
3610
3610
3610
3610
3611
3611
3611
3613
3613
3613
3613
3613
3613
3613
3613
3613
3613
3614
3616
3616
3616
3616
3617
3617
3617
3618
3618
3618
3618
3619
3619
3619
3621
3622
3622
3624
3624
3625
3627
3627
3629
3629
3630
3631
3632
3632
3633
3633
3635
3635
3635
3636
3636
3637
3637
3637
3638
3638
3638
3638
3641
3642
3642
3642
3642
3643
3643
3644
3644
3644
3647
3647
3648
3649
3649
3649
3649
3649
3649
3649
3652
3652
3652
3652
3652
3653
3653
3654
3654
3655
3655
3656
3657
3658
3658
3658
3658
3659
3660
3660
3660
3660
3660
3663
3663
3663
3663
3663
3663
3664
3664
3664
3666
3666
3667
3668
3670
3670
3670
3670
3670
3670
3670
3671
3671
3671
3672
3674
3674
3679
3679
3679
3679
3679
3679
3679
3679
3680
3682
3682
3683
3683
3683
3683
3683
3683
3683
3683
3683
3683
3683
3683
3683
3685
3685
3686
3687
3688
3688
3688
3688
3689
3689
3689
3690
3691
3692
3692
3692
3692
3693
3693
3693
3693
3694
3697
3697
3698
3698
3698
3698
3698
3698
3698
3698
3699
3699
3699
3699
3699
3699
3699
3700
3700
3701
3701
3701
3701
3702
3703
3704
3704
3704
3704
3704
3704
3704
3705
3707
3707
3709
3709
3709
3711
3711
3711
3713
3714
3715
3716
3716
3716
3716
3718
3718
3718
3720
3721
3721
3721
3723
3723
3723
3723
3723
3724
3724
3726
3726
3727
3727
3728
3728
3729
3729
3730
3730
3730
3730
3731
3732
3732
3732
3732
3732
3732
3733
3733
3734
3735
3735
3735
3735
3736
3737
3738
3738
3741
3742
3742
3742
3743
3743
3743
3744
3744
3745
3745
3746
3747
3747
3747
3747
3747
3747
3747
3748
3748
3749
3749
3750
3750
3751
3752
3752
3752
3752
3752
3753
3753
3753
3754
3755
3755
3755
3756
3756
3756
3756
3756
3757
3758
3759
3759
3759
3760
3760
3760
3760
3760
3763
3763
3764
3766
3766
3766
3766
3766
3766
3766
3769
3769
3769
3769
3769
3770
3771
3771
3771
3771
3771
3772
3773
3773
3774
3774
3775
3775
3775
3775
3775
3775
3775
3775
3776
3776
3776
3776
3776
3776
3777
3777
3777
3777
3777
3780
3780
3781
3781
3781
3781
3782
3782
3782
3782
3782
3782
3782
3783
3783
3783
3783
3784
3784
3786
3788
3788
3791
3791
3794
3794
3796
3796
3798
3799
3799
3799
3799
3799
3799
3799
3799
3799
3799
3799
3800
3801
3801
3802
3803
3804
3805
3807
3807
3807
3808
3808
3808
3808
3808
3809
3810
3810
3810
3810
3812
3812
3814
3815
3815
3815
3815
3815
3816
3816
3817
3817
3818
3818
3819
3819
3819
3819
3821
3821
3821
3821
3821
3822
3822
3822
3822
3822
3822
3822
3823
3824
3829
3829
3829
3830
3830
3830
3830
3830
3832
3834
3834
3836
3836
3836
3836
3836
3837
3837
3838
3840
3841
3841
3841
3842
3842
3844
3844
3844
3844
3844
3844
3846
3847
3848
3848
3849
3850
3850
3850
3850
3850
3850
3850
3850
3851
3851
3852
3853
3854
3855
3855
3857
3857
3858
3859
3859
3861
3861
3861
3861
3861
3862
3862
3862
3862
3862
3862
3863
3863
3863
3863
3863
3870
3870
3872
3872
3872
3872
3872
3873
3873
3873
3873
3874
3874
3874
3874
3874
3874
3874
3874
3878
3878
3878
3879
3879
3879
3879
3879
3879
3879
3883
3883
3885
3885
3886
3886
3886
3886
3886
3888
3888
3890
3890
3892
3892
3893
3893
3893
3893
3895
3895
3897
3898
3898
3898
3898
3898
3899
3900
3902
3902
3902
3902
3902
3902
3902
3902
3903
3903
3903
3903
3903
3904
3905
3905
3906
3907
3908
3908
3908
3908
3908
3908
3908
3909
3911
3911
3911
3912
3912
3913
3913
3914
3914
3914
3914
3914
3915
3916
3916
3916
3918
3919
3919
3919
3919
3919
3919
3921
3921
3921
3921
3921
3921
3921
3921
3922
3923
3924
3924
3924
3924
3927
3927
3927
3927
3927
3927
3927
3927
3928
3929
3929
3931
3931
3931
3931
3932
3932
3932
3932
3933
3933
3933
3933
3933
3934
3934
3934
3934
3934
3935
3937
3938
3939
3939
3943
3944
3944
3944
3945
3949
3949
3949
3950
3950
3952
3953
3953
3953
3954
3957
3958
3958
3959
3959
3960
3960
3960
3961
3961
3962
3963
3963
3963
3963
3963
3963
3963
3963
3963
3963
3963
3963
3963
3969
3969
3969
3969
3969
3970
3970
3971
3971
3971
3971
3971
3973
3973
3974
3974
3974
3976
3976
3976
3976
3976
3977
3977
3977
3978
3978
3978
3978
3978
3978
3978
3979
3979
3980
3981
3981
3981
3983
3987
3987
3988
3988
3990
3994
3994
3995
3995
3998
3998
4002
4002
4003
4003
4004
4005
4006
4006
4006
4006
4007
4007
4007
4007
4008
4008
4008
4009
4009
4009
4009
4009
4009
4011
4012
4012
4013
4013
4017
4019
4024
4024
4025
4027
4027
4030
4031
4032
4032
4032
4032
4032
4032
4032
4032
4032
4032
4032
4032
4032
4032
4032
4032
4032
4032
4032
4032
4032
4032
4035
4035
4036
4036
4036
4036
4036
4036
4040
4040
4045
4045
4048
4048
4048
4049
4049
4049
4050
4053
4053
4053
4053
4054
4054
4054
4057
4059
4060
4060
4061
4061
4061
4061
4063
4063
4064
4064
4066
4067
4067
4068
4068
4069
4069
4070
4071
4072
4072
4073
4073
4074
4074
4075
4075
4076
4077
4078
4079
4081
4081
4081
4082
4083
4084
4085
4086
4086
4086
4090
4090
4091
4093
4093
4093
4093
4093
4093
4093
4093
4093
4093
4093
4094
4094
4094
4094
4094
4094
4096
4096
4096
4096
4096
4096
4096
4096
4096
4096
4096
4096
4096
4096
4096
4098
4098
4098
4098
4098
4098
4098
4098
4101
4101
4102
4102
4102
4103
4104
4104
4104
4104
4104
4104
4104
4104
4104
4106
4106
4106
4107
4107
4107
4107
4107
4107
4107
4107
4107
4108
4113
4114
4114
4114
4114
4114
4114
4114
4114
4115
4115
4115
4115
4115
4115
4115
4116
4121
4122
4123
4123
4123
4123
4123
4123
4123
4123
4123
4124
4124
4126
4126
4126
4126
4126
4126
4126
4126
4127
4128
4128
4128
4128
4129
4130
4130
4130
4130
4132
4133
4133
4135
4135
4135
4137
4139
4139
4139
4139
4140
4141
4142
4142
4143
4143
4143
4143
4143
4144
4144
4144
4145
4145
4145
4146
4146
4146
4148
4148
4148
4149
4151
4151
4151
4151
4152
4152
4152
4155
4155
4155
4155
4155
4159
4161
4162
4162
4163
4164
4164
4164
4165
4165
4167
4169
4169
4169
4170
4171
4172
4172
4172
4173
4173
4173
4173
4173
4173
4173
4173
4173
4173
4173
4173
4173
4174
4174
4174
4175
4175
4175
4175
4177
4178
4178
4178
4178
4178
4178
4178
4181
4181
4181
4181
4183
4184
4187
4189
4190
4190
4192
4193
4194
4194
4196
4197
4198
4199
4199
4199
4201
4201
4201
4201
4201
4203
4203
4204
4204
4206
4206
4206
4206
4206
4206
4206
4207
4207
4207
4207
4207
4208
4208
4208
4208
4208
4208
4208
4209
4209
4209
4209
4209
4209
4209
4210
4210
4210
4211
4211
4212
4213
4215
4215
4215
4216
4216
4216
4217
4218
4218
4220
4221
4221
4222
4223
4225
4226
4226
4229
4229
4230
4231
4231
4232
4232
4232
4233
4233
4234
4234
4235
4236
4237
4237
4237
4237
4237
4237
4237
4238
4238
4238
4238
4238
4241
4241
4242
4242
4242
4243
4243
4244
4244
4244
4244
4244
4244
4244
4248
4249
4249
4249
4249
4249
4249
4249
4249
4249
4250
4251
4253
4253
4256
4256
4256
4256
4256
4256
4257
4258
4259
4260
4260
4261
4261
4261
4262
4263
4263
4264
4264
4264
4265
4265
4265
4267
4268
4269
4269
4269
4269
4269
4270
4271
4271
4272
4272
4272
4273
4274
4274
4275
4275
4275
4275
4276
4277
4277
4277
4277
4279
4279
4280
4280
4280
4280
4281
4281
4281
4282
4282
4282
4282
4282
4283
4283
4283
4283
4284
4286
4286
4286
4287
4287
4288
4288
4288
4290
4290
4290
4291
4294
4297
4298
4298
4299
4300
4300
4302
4302
4302
4302
4302
4302
4302
4302
4304
4305
4305
4307
4307
4309
4309
4311
4311
4313
4313
4313
4313
4314
4314
4314
4314
4314
4314
4315
4318
4319
4319
4319
4319
4319
4319
4319
4321
4322
4322
4331
4331
4331
4331
4332
4332
4332
4333
4333
4333
4334
4334
4334
4334
4335
4335
4335
4336
4336
4337
4337
4337
4338
4338
4339
4339
4339
4339
4341
4342
4343
4343
4343
4343
4343
4343
4343
4344
4344
4344
4344
4345
4345
4346
4346
4346
4346
4346
4346
4346
4346
4347
4348
4348
4349
4349
4351
4352
4352
4352
4354
4354
4355
4355
4355
4355
4355
4356
4356
4356
4356
4356
4356
4356
4358
4358
4359
4359
4359
4362
4363
4363
4363
4365
4365
4367
4367
4367
4367
4367
4367
4367
4370
4371
4371
4371
4371
4371
4371
4371
4371
4371
4371
4372
4372
4372
4374
4375
4375
4375
4375
4375
4375
4376
4376
4376
4377
4380
4380
4380
4380
4381
4381
4382
4383
4383
4383
4383
4383
4384
4384
4384
4384
4385
4386
4387
4387
4387
4388
4389
4389
4389
4390
4392
4392
4393
4393
4393
4393
4394
4394
4394
4395
4395
4395
4396
4396
4396
4396
4396
4397
4398
4398
4399
4399
4399
4401
4401
4401
4404
4405
4407
4408
4408
4410
4410
4410
4410
4410
4411
4411
4412
4412
4412
4412
4412
4412
4412
4412
4414
4415
4416
4417
4417
4417
4417
4417
4418
4418
4418
4418
4419
4423
4423
4423
4423
4423
4423
4423
4423
4423
4423
4424
4424
4425
4425
4425
4425
4425
4425
4425
4425
4425
4426
4426
4426
4427
4427
4427
4427
4428
4428
4428
4428
4429
4429
4429
4429
4431
4431
4434
4434
4434
4434
4434
4434
4435
4436
4436
4436
4436
4436
4436
4436
4441
4441
4441
4441
4441
4442
4442
4442
4442
4442
4442
4442
4443
4445
4445
4446
4449
4449
4449
4449
4449
4449
4450
4452
4454
4454
4454
4454
4454
4454
4455
4455
4456
4456
4456
4457
4457
4459
4459
4459
4459
4459
4459
4460
4460
4461
4461
4461
4463
4464
4465
4466
4466
4467
4467
4467
4467
4467
4467
4468
4468
4468
4468
4468
4468
4468
4468
4468
4468
4468
4468
4468
4468
4468
4468
4468
4468
4468
4469
4469
4469
4470
4470
4472
4472
4475
4475
4475
4476
4476
4476
4476
4476
4477
4482
4483
4483
4484
4484
4484
4484
4484
4485
4485
4485
4485
4485
4485
4485
4486
4486
4486
4486
4486
4486
4486
4486
4486
4487
4487
4487
4487
4489
4491
4491
4491
4491
4492
4493
4494
4494
4494
4494
4494
4495
4495
4496
4496
4496
4498
4498
4498
4498
4498
4498
4500
4500
4505
4507
4507
4508
4508
4508
4508
4509
4509
4514
4514
4514
4514
4515
4515
4515
4515
4516
4516
4516
4516
4517
4517
4517
4517
4517
4518
4518
4518
4518
4518
4519
4520
4520
4520
4520
4521
4521
4521
4523
4525
4525
4526
4526
4527
4527
4527
4530
4530
4532
4532
4533
4533
4536
4538
4539
4539
4539
4539
4540
4540
4540
4541
4541
4541
4541
4541
4541
4541
4541
4541
4542
4544
4544
4544
4544
4544
4544
4546
4547
4548
4548
4548
4548
4548
4548
4549
4551
4552
4552
4552
4552
4552
4552
4552
4552
4552
4552
4552
4552
4552
4552
4552
4552
4552
4552
4552
4552
4552
4552
4552
4553
4553
4553
4553
4553
4553
4554
4555
4555
4555
4555
4555
4556
4556
4556
4556
4556
4556
4556
4556
4556
4556
4556
4556
4557
4557
4558
4559
4560
4560
4561
4561
4561
4563
4563
4564
4564
4564
4564
4565
4565
4566
4568
4570
4571
4573
4573
4574
4577
4578
4579
4581
4581
4582
4583
4585
4585
4586
4586
4586
4586
4587
4587
4587
4587
4588
4588
4595
4595
4596
4596
4597
4597
4597
4597
4599
4599
4599
4599
4599
4599
4601
4601
4602
4602
4602
4604
4604
4606
4606
4606
4609
4609
4610
4610
4611
4611
4611
4611
4611
4611
4612
4612
4612
4612
4612
4612
4612
4612
4612
4613
4613
4613
4613
4613
4613
4614
4614
4615
4615
4616
4616
4616
4616
4616
4616
4616
4616
4616
4616
4616
4617
4618
4618
4618
4618
4621
4621
4621
4623
4623
4623
4624
4624
4624
4624
4626
4627
4627
4628
4629
4629
4630
4631
4631
4631
4632
4632
4632
4634
4635
4635
4637
4637
4637
4637
4637
4638
4638
4640
4640
4640
4641
4642
4642
4645
4645
4645
4645
4645
4647
4647
4648
4651
4651
4651
4651
4652
4653
4653
4653
4653
4654
4656
4660
4661
4661
4661
4661
4665
4665
4665
4666
4666
4666
4666
4666
4666
4666
4666
4666
4666
4667
4668
4668
4668
4669
4669
4669
4669
4669
4670
4670
4671
4671
4671
4672
4672
4672
4672
4673
4673
4673
4673
4674
4674
4675
4675
4676
4676
4676
4677
4678
4678
4678
4678
4679
4679
4679
4679
4683
4683
4683
4683
4684
4684
4685
4685
4687
4688
4688
4689
4689
4689
4689
4689
4691
4691
4691
4693
4693
4693
4693
4693
4693
4693
4695
4696
4697
4699
4700
4700
4701
4701
4701
4701
4702
4702
4702
4702
4702
4702
4703
4704
4704
4705
4706
4707
4707
4708
4709
4711
4711
4712
4713
4713
4713
4714
4716
4719
4719
4719
4719
4720
4720
4720
4720
4720
4721
4721
4721
4724
4724
4725
4725
4725
4725
4725
4725
4725
4726
4727
4729
4729
4730
4730
4731
4733
4733
4734
4735
4735
4735
4735
4735
4737
4738
4738
4738
4738
4741
4741
4741
4741
4741
4741
4741
4741
4741
4741
4741
4741
4741
4741
4741
4741
4741
4741
4741
4741
4741
4742
4742
4743
4743
4744
4745
4745
4747
4748
4748
4748
4748
4748
4750
4750
4751
4751
4751
4751
4751
4752
4754
4755
4756
4756
4757
4757
4757
4757
4757
4758
4758
4758
4758
4759
4759
4759
4759
4759
4759
4760
4760
4760
4760
4760
4760
4760
4761
4763
4763
4763
4763
4763
4763
4769
4771
4771
4771
4771
4773
4773
4773
4773
4774
4775
4776
4777
4777
4778
4780
4780
4780
4780
4780
4781
4782
4782
4784
4786
4786
4786
4787
4787
4787
4788
4788
4789
4789
4789
4789
4789
4789
4789
4789
4790
4791
4792
4792
4792
4793
4793
4794
4794
4794
4795
4796
4797
4797
4797
4797
4798
4798
4798
4799
4799
4800
4800
4800
4800
4803
4803
4803
4803
4803
4803
4804
4804
4804
4805
4805
4805
4805
4805
4806
4807
4807
4809
4809
4811
4813
4813
4814
4814
4814
4816
4816
4816
4817
4817
4817
4819
4819
4819
4819
4819
4821
4821
4821
4821
4823
4823
4823
4823
4824
4824
4826
4826
4826
4826
4826
4826
4826
4826
4826
4826
4826
4828
4830
4830
4831
4831
4831
4831
4832
4833
4833
4833
4835
4835
4835
4835
4835
4835
4835
4838
4838
4839
4839
4839
4841
4841
4841
4841
4841
4841
4841
4841
4841
4843
4844
4844
4844
4844
4845
4845
4846
4846
4847
4848
4848
4848
4848
4848
4848
4848
4849
4849
4850
4850
4850
4850
4850
4850
4851
4852
4852
4853
4853
4853
4853
4853
4853
4854
4854
4854
4854
4854
4854
4854
4854
4854
4854
4854
4854
4854
4854
4854
4854
4854
4854
4854
4854
4854
4854
4854
4855
4859
4859
4860
4860
4860
4860
4860
4862
4862
4862
4863
4864
4864
4868
4868
4868
4869
4869
4872
4872
4872
4873
4874
4874
4874
4874
4874
4874
4875
4875
4875
4875
4875
4875
4875
4875
4875
4877
4878
4878
4879
4879
4879
4879
4879
4879
4879
4879
4879
4880
4881
4882
4883
4883
4883
4883
4884
4889
4889
4889
4889
4890
4890
4894
4894
4894
4894
4894
4895
4895
4895
4896
4897
4897
4897
4898
4900
4900
4902
4902
4902
4902
4902
4903
4903
4903
4903
4903
4903
4903
4904
4904
4905
4905
4905
4905
4905
4905
4905
4909
4911
4913
4913
4913
4913
4913
4913
4913
4913
4913
4913
4915
4915
4915
4915
4915
4915
4919
4919
4919
4919
4920
4920
4920
4920
4920
4921
4921
4921
4921
4921
4921
4921
4922
4922
4922
4922
4923
4923
4924
4924
4924
4925
4926
4927
4928
4929
4929
4929
4929
4929
4931
4932
4933
4933
4934
4936
4936
4936
4938
4938
4940
4940
4940
4940
4940
4941
4943
4943
4943
4943
4945
4946
4946
4947
4947
4947
4947
4947
4948
4949
4949
4949
4949
4951
4951
4952
4952
4952
4952
4952
4953
4953
4953
4954
4954
4956
4956
4956
4956
4957
4957
4957
4957
4957
4957
4957
4957
4958
4958
4958
4958
4958
4958
4958
4958
4958
4959
4959
4959
4959
4960
4960
4961
4961
4961
4961
4961
4961
4962
4962
4963
4963
4963
4963
4963
4963
4963
4964
4964
4964
4965
4965
4966
4966
4966
4966
4966
4966
4966
4967
4968
4968
4969
4969
4969
4969
4970
4971
4971
4971
4971
4971
4971
4971
4971
4971
4972
4972
4973
4973
4973
4974
4974
4974
4974
4975
4975
4976
4976
4976
4976
4976
4977
4977
4977
4978
4978
4979
4979
4980
4981
4981
4981
4981
4981
4982
4982
4982
4982
4983
4983
4983
4983
4984
4984
4984
4984
4985
4985
4985
4985
4986
4986
4987
4987
4987
4987
4987
4988
4988
4988
4989
4989
4990
4990
4990
4991
4991
4991
4992
4992
4992
4992
4992
4992
4992
4992
4992
4992
4992
4992
4993
4993
4993
4994
4994
4994
4994
4995
4998
4999
5000
5000
5003
5004
5005
5006
5007
5008
5009
5009
5010
5011
5012
5013
5013
5014
5015
5015
5016
5017
5018
5018
5018
5018
5020
5021
5021
5022
5023
5023
5024
5025
5026
5027
5027
5028
5029
5029
5029
5029
5029
5029
5030
5030
5032
5032
5032
5033
5034
5034
5036
5037
5037
5037
5038
5038
5038
5038
5039
5039
5039
5039
5039
5039
5039
5039
5039
5040
5040
5040
5040
5042
5042
5042
5042
5046
5046
5046
5046
5046
5046
5046
5047
5048
5049
5049
5051
5051
5051
5051
5051
5051
5052
5052
5052
5052
5052
5052
5052
5052
5053
5053
5053
5053
5053
5055
5056
5056
5056
5057
5058
5058
5058
5059
5059
5059
5061
5062
5063
5064
5064
5064
5065
5066
5066
5067
5068
5069
5069
5069
5070
5070
5071
5071
5071
5072
5072
5072
5076
5076
5078
5078
5078
5078
5078
5078
5079
5080
5080
5080
5080
5081
5082
5083
5084
5084
5084
5084
5084
5084
5084
5084
5084
5086
5088
5088
5088
5088
5088
5089
5089
5090
5091
5091
5091
5091
5092
5092
5094
5094
5094
5094
5095
5096
5096
5096
5097
5097
5097
5097
5097
5097
5097
5099
5099
5099
5099
5099
5099
5099
5099
5099
5099
5099
5099
5099
5099
5099
5100
5100
5102
5102
5102
5106
5106
5106
5107
5113
5115
5115
5115
5115
5115
5116
5116
5116
5118
5119
5120
5121
5121
5121
5123
5123
5123
5123
5123
5123
5123
5123
5126
5127
5127
5128
5129
5129
5129
5129
5130
5130
5130
5130
5130
5132
5132
5132
5133
5133
5134
5134
5134
5135
5135
5135
5136
5136
5136
5137
5137
5138
5138
5140
5140
5140
5140
5140
5140
5141
5142
5143
5143
5143
5143
5143
5144
5145
5146
5146
5147
5149
5149
5149
5149
5149
5149
5149
5151
5152
5152
5153
5153
5153
5153
5153
5153
5155
5155
5155
5155
5155
5155
5155
5155
5156
5157
5157
5157
5157
5157
5157
5157
5159
5159
5159
5159
5159
5160
5161
5162
5162
5162
5163
5163
5163
5163
5167
5168
5168
5169
5169
5169
5169
5169
5172
5172
5172
5172
5172
5172
5172
5172
5172
5173
5173
5173
5173
5174
5174
5174
5175
5175
5176
5177
5177
5177
5177
5177
5177
5177
5179
5179
5180
5180
5181
5181
5181
5182
5184
5184
5185
5185
5185
5186
5186
5186
5186
5186
5186
5186
5187
5187
5187
5188
5188
5189
5189
5189
5189
5190
5190
5190
5190
5190
5191
5192
5193
5193
5193
5193
5193
5193
5194
5195
5195
5195
5195
5195
5196
5196
5196
5198
5199
5199
5199
5200
5201
5202
5202
5202
5202
5204
5205
5206
5206
5206
5206
5206
5206
5206
5206
5207
5207
5207
5207
5207
5207
5207
5207
5208
5208
5209
5211
5212
5213
5213
5213
5213
5213
5213
5216
5216
5217
5218
5218
5218
5219
5222
5222
5223
5225
5225
5226
5226
5227
5228
5228
5228
5229
5229
5230
5230
5231
5231
5233
5234
5234
5234
5235
5235
5235
5236
5236
5236
5240
5240
5241
5243
5243
5243
5245
5246
5247
5247
5247
5249
5250
5250
5250
5253
5253
5253
5253
5254
5255
5256
5256
5256
5256
5256
5257
5258
5260
5260
5260
5260
5260
5260
5260
5260
5260
5261
5261
5261
5261
5262
5263
5263
5263
5264
5264
5265
5267
5268
5268
5268
5268
5269
5269
5269
5269
5269
5270
5270
5270
5274
5275
5275
5277
5278
5278
5278
5278
5279
5281
5282
5282
5284
5285
5285
5286
5286
5289
5289
5290
5290
5291
5291
5291
5292
5292
5293
5293
5293
5294
5295
5296
5298
5300
5300
5301
5303
5304
5304
5304
5304
5304
5304
5304
5304
5306
5306
5306
5307
5307
5307
5307
5309
5309
5309
5309
5309
5309
5309
5309
5310
5310
5311
5312
5312
5312
5312
5312
5313
5315
5316
5317
5317
5317
5317
5318
5318
5319
5319
5320
5320
5321
5321
5321
5323
5323
5323
5325
5325
5325
5327
5327
5327
5327
5327
5327
5327
5327
5327
5327
5327
5327
5328
5328
5328
5328
5328
5328
5328
5328
5328
5328
5328
5328
5328
5328
5329
5329
5330
5331
5331
5333
5334
5334
5335
5336
5337
5337
5338
5338
5338
5338
5339
5341
5343
5343
5343
5343
5343
5344
5344
5344
5344
5344
5344
5344
5344
5344
5344
5347
5348
5348
5348
5349
5349
5351
5352
5353
5353
5353
5353
5353
5353
5353
5354
5356
5356
5358
5358
5359
5359
5359
5359
5361
5361
5361
5364
5364
5365
5365
5366
5366
5366
5366
5366
5366
5366
5366
5366
5367
5367
5367
5367
5367
5367
5367
5367
5368
5368
5368
5368
5368
5368
5368
5369
5369
5370
5370
5371
5371
5371
5371
5371
5371
5374
5374
5374
5375
5375
5375
5375
5375
5376
5376
5376
5376
5377
5377
5377
5377
5378
5380
5380
5380
5380
5380
5380
5380
5382
5382
5382
5382
5382
5383
5383
5384
5385
5385
5385
5386
5386
5386
5386
5386
5386
5387
5388
5388
5389
5389
5389
5389
5390
5390
5390
5390
5390
5390
5390
5391
5393
5393
5394
5394
5394
5394
5394
5395
5396
5396
5396
5397
5398
5398
5398
5398
5399
5400
5401
5402
5403
5403
5403
5406
5407
5407
5407
5407
5407
5408
5409
5409
5410
5410
5411
5411
5411
5412
5412
5412
5413
5413
5414
5415
5418
5418
5419
5419
5419
5419
5419
5420
5420
5420
5420
5421
5421
5422
5422
5422
5422
5423
5423
5423
5423
5424
5425
5425
5425
5427
5428
5428
5428
5428
5429
5429
5430
5430
5430
5430
5431
5431
5431
5433
5435
5435
5435
5435
5436
5436
5437
5437
5437
5437
5440
5441
5442
5443
5445
5445
5446
5448
5448
5449
5450
5450
5450
5452
5453
5453
5453
5453
5453
5453
5453
5454
5454
5454
5454
5455
5455
5455
5455
5455
5455
5455
5455
5455
5455
5456
5456
5456
5456
5456
5456
5456
5456
5456
5457
5459
5462
5464
5464
5464
5464
5464
5464
5465
5465
5465
5465
5466
5466
5466
5466
5467
5468
5468
5469
5470
5470
5470
5470
5471
5471
5471
5473
5474
5474
5475
5476
5476
5476
5476
5476
5476
5477
5478
5478
5478
5478
5478
5478
5478
5479
5480
5480
5480
5481
5484
5484
5484
5484
5484
5485
5485
5485
5485
5485
5486
5486
5486
5486
5486
5490
5490
5490
5490
5491
5491
5491
5491
5493
5493
5494
5494
5494
5494
5495
5495
5496
5496
5496
5496
5496
5496
5496
5499
5499
5499
5500
5500
5501
5501
5502
5507
5507
5507
5507
5507
5507
5507
5507
5509
5509
5509
5510
5512
5512
5513
5513
5513
5513
5514
5514
5516
5517
5517
5517
5517
5517
5517
5517
5517
5517
5517
5518
5518
5518
5518
5520
5521
5521
5521
5521
5521
5522
5522
5522
5523
5523
5523
5523
5523
5523
5524
5526
5526
5527
5528
5528
5528
5528
5528
5528
5529
5529
5529
5529
5530
5530
5530
5531
5532
5533
5534
5535
5535
5535
5535
5535
5535
5536
5538
5538
5538
5539
5540
5540
5540
5541
5541
5541
5543
5543
5544
5544
5546
5547
5547
5547
5547
5550
5550
5552
5552
5552
5552
5553
5553
5554
5554
5554
5558
5559
5559
5559
5559
5559
5560
5560
5564
5564
5564
5565
5565
5565
5565
5567
5567
5567
5567
5567
5567
5567
5567
5567
5567
5567
5569
5569
5570
5571
5572
5573
5573
5573
5573
5574
5574
5576
5576
5576
5576
5577
5579
5581
5582
5583
5583
5583
5583
5583
5583
5583
5583
5583
5583
5583
5584
5584
5584
5586
5586
5588
5588
5590
5591
5591
5594
5594
5594
5594
5594
5594
5594
5594
5594
5594
5594
5594
5594
5596
5597
5597
5598
5598
5598
5598
5598
5598
5599
5599
5599
5599
5600
5600
5600
5600
5600
5600
5602
5603
5603
5603
5604
5605
5606
5607
5608
5608
5608
5610
5610
5610
5610
5610
5610
5610
5611
5611
5611
5611
5612
5613
5614
5614
5615
5619
5620
5620
5620
5621
5622
5623
5623
5623
5623
5624
5624
5624
5624
5625
5625
5626
5626
5626
5626
5627
5628
5629
5629
5630
5630
5631
5631
5631
5631
5632
5632
5633
5633
5633
5633
5633
5633
5636
5636
5636
5636
5636
5636
5636
5636
5636
5637
5640
5641
5641
5641
5642
5642
5642
5642
5642
5643
5643
5644
5646
5646
5648
5648
5648
5648
5648
5648
5650
5653
5654
5654
5654
5654
5657
5660
5660
5661
5661
5661
5662
5665
5666
5667
5668
5669
5669
5670
5673
5673
5679
5679
5679
5680
5681
5681
5683
5687
5688
5689
5691
5692
5692
5692
5693
5693
5693
5693
5693
5693
5694
5694
5695
5695
5696
5696
5696
5698
5698
5698
5699
5701
5701
5702
5703
5703
5704
5704
5704
5704
5704
5705
5705
5705
5705
5709
5709
5709
5710
5710
5711
5711
5711
5711
5711
5712
5712
5712
5712
5712
5712
5712
5712
5712
5715
5715
5717
5723
5726
5726
5727
5727
5727
5730
5732
5735
5735
5735
5737
5737
5737
5737
5737
5737
5737
5737
5737
5737
5737
5738
5738
5738
5738
5738
5738
5738
5739
5739
5739
5739
5739
5740
5740
5740
5740
5741
5741
5741
5741
5741
5742
5742
5742
5742
5744
5744
5744
5746
5747
5747
5747
5747
5749
5749
5749
5750
5750
5750
5751
5753
5754
5755
5756
5756
5757
5757
5761
5761
5761
5761
5761
5763
5763
5763
5764
5765
5766
5766
5766
5766
5766
5766
5767
5767
5768
5768
5768
5768
5768
5770
5770
5770
5773
5773
5773
5773
5773
5773
5773
5773
5773
5774
5775
5775
5776
5777
5781
5783
5783
5784
5785
5786
5787
5787
5788
5788
5789
5789
5789
5790
5790
5790
5790
5791
5792
5792
5792
5793
5793
5793
5793
5793
5794
5795
5795
5795
5796
5796
5796
5796
5796
5796
5796
5796
5796
5798
5799
5799
5799
5800
5800
5800
5801
5801
5801
5801
5801
5801
5801
5802
5802
5802
5802
5802
5802
5802
5802
5803
5803
5804
5805
5805
5805
5805
5805
5805
5805
5805
5805
5805
5806
5807
5807
5807
5807
5807
5807
5808
5809
5810
5811
5815
5816
5816
5816
5816
5816
5816
5816
5816
5816
5816
5817
5817
5817
5818
5818
5818
5819
5819
5819
5821
5821
5823
5824
5824
5825
5825
5825
5825
5825
5825
5825
5825
5825
5826
5826
5826
5826
5826
5827
5828
5828
5828
5828
5833
5835
5836
5836
5836
5836
5836
5836
5836
5838
5838
5838
5839
5839
5839
5841
5841
5848
5851
5852
5853
5853
5856
5856
5857
5858
5858
5859
5860
5860
5860
5860
5860
5860
5860
5860
5860
5860
5860
5860
5860
5861
5861
5863
5864
5866
5868
5869
5869
5869
5869
5869
5869
5870
5870
5870
5871
5871
5871
5872
5872
5873
5873
5873
5873
5873
5873
5873
5873
5873
5873
5873
5873
5873
5873
5873
5874
5874
5874
5875
5876
5876
5876
5876
5876
5876
5876
5877
5878
5878
5878
5879
5879
5880
5880
5881
5881
5881
5882
5882
5882
5883
5883
5884
5884
5884
5884
5884
5884
5884
5884
5884
5884
5884
5885
5886
5888
5888
5888
5889
5889
5889
5889
5889
5889
5889
5890
5890
5891
5892
5892
5893
5893
5893
5896
5896
5896
5896
5896
5896
5897
5897
5897
5898
5898
5898
5899
5899
5899
5899
5899
5900
5900
5900
5900
5900
5900
5905
5905
5906
5907
5907
5907
5909
5909
5909
5909
5911
5912
5912
5913
5913
5913
5913
5913
5913
5914
5914
5914
5915
5917
5917
5918
5920
5920
5921
5921
5924
5924
5924
5924
5924
5924
5924
5925
5925
5925
5926
5926
5927
5928
5928
5928
5928
5928
5928
5928
5928
5928
5928
5928
5929
5931
5931
5931
5932
5932
5935
5935
5935
5935
5935
5935
5935
5935
5935
5935
5935
5936
5938
5938
5939
5939
5939
5940
5941
5942
5942
5942
5943
5943
5944
5947
5947
5947
5947
5948
5949
5949
5949
5949
5950
5950
5950
5950
5951
5951
5951
5951
5951
5951
5951
5951
5951
5951
5951
5951
5951
5951
5951
5951
5951
5951
5951
5951
5951
5952
5952
5952
5953
5953
5953
5953
5953
5953
5953
5953
5954
5955
5955
5957
5958
5958
5958
5958
5958
5958
5959
5960
5961
5962
5962
5962
5962
5962
5962
5962
5962
5964
5964
5964
5964
5967
5967
5967
5969
5969
5969
5970
5970
5970
5972
5972
5975
5978
5978
5978
5980
5981
5985
5985
5985
5985
5986
5987
5988
5988
5988
5988
5988
5988
5988
5989
5989
5989
5989
5990
5991
5991
5991
5991
5993
5993
5993
5997
6000
6000
6001
6002
6003
6003
6003
6005
6005
6009
6009
6009
6010
6010
6011
6011
6011
6011
6011
6012
6012
6012
6012
6012
6012
6012
6013
6014
6014
6014
6015
6017
6018
6019
6020
6020
6020
6020
6022
6022
6025
6025
6028
6029
6029
6029
6029
6029
6029
6030
6030
6030
6030
6034
6035
6035
6037
6037
6037
6039
6039
6039
6039
6040
6040
6041
6043
6045
6045
6045
6046
6048
6048
6048
6048
6049
6049
6049
6050
6052
6054
6054
6054
6054
6055
6055
6055
6056
6056
6058
6059
6059
6059
6059
6059
6059
6060
6060
6061
6061
6061
6061
6062
6062
6063
6063
6063
6063
6063
6063
6064
6064
6066
6066
6066
6066
6067
6067
6067
6070
6070
6070
6070
6070
6072
6073
6073
6073
6073
6073
6073
6077
6080
6081
6082
6082
6083
6083
6083
6084
6084
6084
6084
6085
6086
6086
6086
6087
6087
6088
6088
6088
6088
6088
6088
6090
6091
6091
6092
6092
6092
6093
6094
6094
6095
6095
6099
6100
6100
6101
6101
6102
6102
6102
6102
6102
6103
6103
6103
6104
6104
6104
6104
6104
6104
6105
6105
6105
6105
6105
6105
6105
6105
6105
6105
6105
6105
6105
6105
6105
6105
6105
6105
6105
6105
6105
6105
6107
6107
6107
6107
6107
6107
6107
6109
6109
6109
6113
6113
6113
6114
6115
6115
6115
6115
6115
6115
6115
6115
6115
6115
6117
6117
6118
6118
6118
6119
6119
6120
6120
6120
6121
6121
6121
6121
6121
6121
6121
6123
6123
6124
6124
6124
6124
6125
6125
6125
6127
6128
6128
6129
6129
6129
6129
6129
6129
6129
6129
6129
6131
6131
6131
6131
6131
6131
6131
6134
6134
6138
6138
6138
6138
6139
6139
6139
6139
6139
6140
6140
6141
6141
6141
6143
6143
6146
6146
6147
6147
6147
6147
6148
6149
6149
6149
6150
6150
6150
6150
6150
6150
6150
6151
6151
6152
6152
6152
6152
6152
6152
6152
6152
6152
6152
6152
6153
6153
6154
6154
6155
6155
6155
6155
6155
6156
6156
6156
6156
6156
6156
6156
6156
6156
6156
6156
6156
6156
6156
6157
6157
6157
6157
6158
6158
6158
6160
6162
6162
6162
6165
6166
6166
6166
6166
6166
6166
6166
6166
6167
6167
6167
6167
6168
6168
6168
6172
6174
6174
6174
6174
6175
6175
6176
6179
6179
6179
6179
6179
6179
6179
6179
6179
6179
6180
6180
6181
6181
6182
6182
6183
6184
6184
6184
6184
6185
6185
6186
6186
6186
6186
6186
6186
6187
6187
6189
6190
6191
6193
6194
6194
6194
6194
6197
6197
6198
6199
6199
6200
6200
6200
6200
6200
6200
6200
6200
6200
6200
6200
6201
6202
6203
6204
6204
6204
6204
6204
6204
6204
6204
6204
6205
6205
6205
6208
6210
6211
6211
6212
6212
6212
6212
6212
6212
6212
6212
6212
6212
6212
6213
6213
6213
6213
6213
6213
6213
6213
6213
6214
6214
6214
6217
6217
6217
6217
6217
6217
6217
6217
6217
6218
6218
6220
6220
6220
6220
6220
6221
6221
6221
6221
6221
6222
6222
6222
6222
6225
6225
6225
6225
6226
6228
6229
6229
6229
6229
6229
6231
6231
6233
6233
6233
6234
6234
6235
6235
6235
6236
6236
6237
6237
6238
6238
6238
6238
6238
6239
6239
6239
6239
6240
6240
6240
6241
6241
6246
6246
6246
6246
6246
6248
6248
6249
6249
6249
6249
6249
6251
6251
6251
6253
6253
6253
6253
6254
6255
6255
6255
6255
6256
6257
6259
6259
6260
6260
6260
6260
6261
6261
6261
6261
6261
6261
6263
6264
6264
6265
6265
6266
6266
6267
6269
6269
6269
6269
6269
6270
6270
6272
6272
6272
6272
6272
6272
6272
6274
6274
6274
6274
6274
6276
6276
6277
6277
6278
6278
6279
6279
6279
6279
6282
6282
6282
6282
6282
6285
6285
6287
6287
6287
6287
6287
6287
6287
6287
6287
6288
6289
6289
6289
6289
6289
6289
6289
6289
6289
6289
6290
6291
6291
6291
6291
6292
6293
6293
6293
6293
6294
6294
6294
6294
6294
6295
6296
6296
6296
6296
6298
6298
6298
6298
6298
6298
6300
6300
6300
6300
6300
6301
6301
6302
6302
6302
6303
6303
6304
6304
6304
6304
6304
6304
6304
6304
6307
6307
6308
6308
6308
6308
6308
6308
6308
6309
6309
6313
6313
6313
6313
6313
6313
6313
6315
6315
6316
6317
6319
6319
6319
6319
6319
6319
6319
6320
6320
6320
6320
6321
6321
6322
6322
6322
6322
6322
6323
6323
6323
6323
6323
6324
6324
6325
6325
6325
6325
6325
6326
6326
6327
6327
6329
6329
6331
6331
6332
6332
6334
6334
6334
6335
6335
6335
6337
6337
6338
6338
6338
6338
6338
6341
6341
6341
6341
6343
6343
6343
6343
6343
6343
6343
6343
6343
6344
6344
6344
6345
6345
6346
6346
6347
6347
6347
6348
6348
6348
6348
6351
6351
6351
6351
6351
6351
6351
6353
6353
6354
6354
6355
6355
6355
6355
6356
6356
6356
6356
6357
6357
6357
6357
6357
6357
6357
6357
6357
6358
6360
6360
6360
6360
6360
6360
6360
6363
6363
6363
6364
6364
6367
6369
6370
6370
6374
6374
6374
6374
6374
6374
6375
6377
6377
6378
6378
6379
6379
6380
6380
6381
6383
6386
6386
6386
6387
6387
6387
6387
6388
6388
6388
6388
6388
6388
6388
6388
6390
6390
6390
6390
6391
6391
6392
6393
6394
6394
6395
6395
6395
6395
6395
6395
6395
6396
6398
6398
6400
6401
6401
6403
6405
6405
6405
6405
6408
6408
6408
6408
6408
6408
6408
6408
6408
6408
6408
6410
6411
6412
6412
6413
6413
6413
6413
6413
6414
6414
6415
6417
6418
6418
6419
6420
6423
6424
6424
6425
6427
6427
6428
6430
6431
6432
6432
6434
6435
6435
6435
6435
6436
6437
6437
6437
6438
6438
6438
6438
6438
6438
6438
6439
6440
6441
6441
6442
6442
6442
6443
6443
6443
6443
6443
6443
6445
6445
6445
6445
6447
6447
6447
6447
6448
6448
6448
6448
6448
6448
6448
6448
6448
6448
6448
6448
6448
6448
6448
6449
6449
6450
6450
6451
6451
6451
6452
6453
6453
6454
6454
6455
6455
6455
6455
6455
6455
6455
6456
6457
6457
6457
6457
6458
6458
6458
6458
6458
6458
6458
6458
6458
6460
6462
6463
6463
6463
6464
6464
6465
6466
6466
6467
6467
6467
6467
6468
6468
6469
6469
6469
6469
6469
6469
6469
6469
6469
6469
6471
6471
6471
6471
6471
6472
6472
6473
6473
6474
6474
6474
6475
6475
6476
6477
6478
6479
6479
6479
6479
6479
6481
6483
6484
6484
6484
6484
6484
6486
6486
6487
6488
6488
6488
6488
6488
6488
6488
6488
6488
6488
6488
6488
6488
6489
6491
6491
6493
6493
6494
6494
6494
6494
6494
6494
6497
6497
6497
6497
6497
6497
6497
6497
6497
6498
6498
6498
6498
6498
6498
6498
6499
6499
6499
6499
6499
6499
6499
6499
6499
6499
6499
6501
6501
6503
6503
6504
6504
6504
6504
6504
6504
6504
6505
6506
6506
6506
6506
6506
6506
6506
6506
6508
6508
6508
6508
6509
6509
6509
6509
6509
6509
6509
6509
6509
6509
6510
6510
6510
6512
6513
6514
6514
6514
6515
6515
6515
6515
6516
6516
6516
6521
6521
6521
6521
6521
6521
6529
6529
6529
6529
6529
6529
6529
6530
6530
6530
6530
6530
6530
6531
6531
6531
6531
6531
6532
6532
6532
6532
6536
6536
6537
6537
6538
6539
6541
6541
6543
6543
6544
6544
6544
6546
6546
6546
6547
6549
6550
6552
6552
6553
6555
6555
6555
6555
6556
6557
6562
6562
6563
6564
6565
6565
6567
6568
6568
6569
6569
6569
6570
6571
6571
6576
6576
6576
6577
6577
6577
6577
6579
6579
6579
6579
6579
6579
6580
6580
6580
6580
6580
6580
6582
6583
6583
6587
6588
6590
6590
6591
6591
6591
6592
6592
6592
6593
6593
6594
6595
6595
6595
6595
6595
6595
6596
6597
6597
6597
6597
6597
6597
6597
6599
6599
6601
6601
6601
6602
6602
6602
6602
6602
6602
6602
6602
6602
6605
6605
6605
6605
6606
6609
6609
6609
6610
6610
6610
6610
6610
6611
6614
6615
6617
6617
6618
6618
6618
6618
6618
6618
6618
6619
6619
6620
6621
6622
6623
6623
6623
6623
6623
6623
6624
6624
6624
6624
6625
6625
6626
6626
6626
6626
6627
6627
6627
6628
6628
6628
6629
6629
6629
6629
6630
6630
6631
6631
6631
6631
6631
6631
6633
6633
6633
6634
6634
6635
6635
6635
6636
6638
6638
6638
6639
6639
6641
6641
6643
6645
6645
6645
6645
6645
6648
6649
6650
6650
6650
6650
6650
6650
6650
6650
6652
6652
6653
6654
6654
6654
6655
6655
6655
6655
6655
6655
6656
6656
6657
6657
6657
6657
6657
6658
6658
6658
6659
6659
6660
6660
6660
6660
6660
6662
6663
6663
6663
6663
6664
6664
6664
6664
6665
6665
6665
6665
6665
6665
6667
6670
6671
6672
6674
6674
6674
6674
6674
6675
6675
6675
6675
6675
6675
6675
6675
6676
6676
6677
6679
6679
6679
6679
6679
6679
6679
6680
6680
6680
6680
6680
6682
6682
6682
6683
6684
6684
6688
6690
6690
6690
6690
6690
6690
6690
6693
6693
6694
6694
6694
6695
6695
6695
6695
6695
6697
6697
6697
6697
6697
6698
6698
6698
6699
6699
6699
6699
6699
6701
6701
6701
6701
6703
6704
6706
6707
6707
6709
6709
6710
6710
6710
6710
6712
6712
6715
6715
6715
6715
6715
6715
6715
6716
6716
6716
6716
6717
6719
6719
6720
6720
6720
6720
6720
6720
6720
6720
6720
6720
6721
6721
6721
6721
6721
6721
6721
6721
6721
6721
6721
6722
6723
6723
6724
6725
6726
6726
6726
6726
6726
6727
6727
6727
6727
6727
6727
6729
6730
6730
6730
6730
6731
6731
6731
6731
6731
6731
6731
6731
6731
6731
6733
6733
6733
6733
6733
6735
6735
6735
6735
6736
6736
6736
6736
6737
6738
6738
6739
6739
6739
6739
6739
6739
6739
6739
6739
6740
6740
6740
6740
6741
6742
6742
6742
6742
6742
6742
6743
6743
6743
6743
6743
6744
6744
6744
6744
6745
6746
6746
6746
6746
6746
6746
6746
6746
6746
6746
6746
6746
6748
6749
6749
6750
6750
6750
6752
6753
6753
6755
6755
6756
6758
6760
6760
6760
6760
6760
6761
6762
6765
6766
6766
6767
6767
6767
6767
6767
6770
6770
6770
6770
6773
6774
6777
6777
6781
6781
6781
6781
6781
6783
6783
6786
6787
6790
6790
6790
6790
6790
6792
6792
6792
6792
6793
6793
6793
6794
6795
6795
6795
6795
6795
6796
6796
6796
6797
6797
6797
6798
6799
6800
6800
6800
6800
6800
6800
6800
6801
6802
6802
6802
6803
6803
6803
6804
6804
6804
6805
6805
6806
6806
6806
6807
6807
6807
6807
6807
6807
6807
6807
6807
6807
6807
6807
6807
6807
6807
6807
6807
6808
6808
6808
6809
6809
6809
6809
6810
6811
6811
6814
6815
6815
6815
6816
6818
6818
6818
6818
6818
6818
6818
6818
6820
6820
6820
6820
6820
6820
6820
6820
6824
6824
6824
6824
6824
6825
6825
6825
6826
6826
6826
6827
6828
6832
6832
6832
6833
6833
6833
6835
6835
6836
6836
6836
6837
6837
6837
6838
6838
6838
6838
6838
6838
6838
6838
6839
6840
6840
6840
6840
6842
6842
6843
6843
6843
6843
6843
6843
6843
6843
6844
6846
6847
6847
6847
6848
6848
6848
6848
6848
6849
6849
6849
6850
6850
6851
6851
6854
6855
6855
6855
6855
6855
6856
6857
6857
6857
6857
6857
6857
6857
6857
6860
6860
6861
6861
6861
6861
6865
6865
6865
6865
6865
6865
6865
6865
6865
6865
6866
6866
6866
6866
6866
6867
6867
6868
6868
6868
6868
6869
6870
6873
6873
6873
6873
6874
6874
6874
6875
6876
6876
6876
6876
6878
6879
6879
6881
6882
6882
6882
6882
6882
6882
6882
6882
6882
6882
6882
6882
6882
6882
6882
6882
6882
6882
6882
6882
6882
6882
6882
6882
6882
6882
6882
6884
6886
6886
6886
6886
6886
6886
6886
6886
6891
6891
6892
6892
6892
6892
6893
6893
6893
6893
6893
6895
6895
6895
6896
6896
6896
6897
6897
6898
6899
6899
6899
6899
6901
6901
6901
6901
6901
6901
6903
6903
6903
6903
6903
6903
6903
6904
6905
6905
6905
6905
6906
6906
6906
6907
6907
6907
6907
6908
6908
6908
6908
6908
6908
6908
6909
6913
6915
6917
6917
6918
6918
6920
6921
6922
6922
6922
6922
6923
6923
6923
6924
6924
6925
6926
6928
6928
6928
6930
6930
6931
6931
6934
6934
6934
6935
6935
6936
6936
6936
6936
6936
6936
6936
6936
6938
6940
6940
6941
6941
6942
6944
6945
6946
6946
6948
6948
6948
6949
6950
6950
6950
6950
6950
6951
6951
6953
6953
6953
6954
6954
6954
6955
6955
6956
6958
6959
6960
6960
6960
6960
6960
6960
6960
6962
6963
6963
6963
6964
6967
6967
6967
6968
6968
6969
6975
6975
6975
6975
6975
6975
6975
6975
6976
6976
6976
6981
6981
6981
6982
6982
6982
6982
6982
6984
6984
6984
6985
6986
6986
6988
6988
6988
6989
6989
6989
6989
6989
6989
6989
6989
6989
6989
6989
6989
6989
6991
6992
6992
6992
6992
6992
6992
6993
6994
6994
6994
6994
6994
6994
6994
6994
6995
6995
6995
6995
6995
6995
6995
6995
6995
6995
6995
6995
6995
6996
6997
6997
6997
6997
6999
6999
7002
7002
7002
7003
7003
7004
7005
7005
7006
7009
7010
7010
7010
7011
7011
7011
7011
7011
7013
7014
7014
7014
7014
7018
7021
7021
7021
7022
7022
7024
7025
7025
7025
7025
7026
7026
7026
7026
7026
7026
7027
7028
7028
7029
7029
7029
7029
7029
7030
7030
7030
7030
7032
7033
7033
7033
7033
7034
7034
7034
7035
7035
7036
7036
7036
7037
7037
7038
7038
7039
7039
7040
7040
7041
7041
7041
7042
7042
7042
7043
7047
7047
7047
7047
7047
7048
7049
7050
7050
7050
7050
7050
7050
7052
7052
7054
